1e54
2c2
< 2	28	53	2	1	2
---
> 1	29	52	2	1	2

1ek9
1c1
< 281	36	60	1	2	1
---
> 1137	36	60	1	2	1
4,12c4,12
< 240	279	38	2	1	2
< 281	36	60	1	2	1
< 34	62	244	2	1	2
< 64	242	277	1	2	1
< 240	279	38	2	1	2
< 281	36	60	1	2	1
< 34	62	244	2	1	2
< 64	242	277	1	2	1
< 240	279	38	2	1	2
---
> 38	279	668	2	1	2
> 281	464	488	1	2	1
> 462	490	672	2	1	2
> 492	670	705	1	2	1
> 466	707	1096	2	1	2
> 709	892	916	1	2	1
> 890	918	1100	2	1	2
> 920	1098	1133	1	2	1
> 894	1135	240	2	1	2

1i78
4c4
< 58	107	124	2	1	2
---
> 59	106	125	2	1	2

1nqe
18c18
< 469	498	510	2	1	2
---
> 470	497	511	2	1	2

1qd6
1c1
< 256	30	62	1	2	1
---
> 255	31	61	1	2	1

1yc9
1c1
< 352	110	139	1	2	1
---
> 1174	110	139	1	2	1
4,12c4,12
< 322	349	113	2	1	2
< 352	110	139	1	2	1
< 109	140	326	2	1	2
< 142	324	347	1	2	1
< 322	349	113	2	1	2
< 352	110	139	1	2	1
< 109	140	326	2	1	2
< 142	324	347	1	2	1
< 322	349	113	2	1	2
---
> 113	349	733	2	1	2
> 352	521	550	1	2	1
> 520	551	737	2	1	2
> 553	735	758	1	2	1
> 524	760	1144	2	1	2
> 763	932	961	1	2	1
> 931	962	1148	2	1	2
> 964	1146	1169	1	2	1
> 935	1171	322	2	1	2

2gr8
1c1
< 1085	1042	1054	1	2	1
---
> 1241	1042	1054	1	2	1
4,12c4,12
< 1069	1084	1043	2	1	2
< 1085	1042	1054	1	2	1
< 1041	1055	1071	2	1	2
< 1056	1070	1083	1	2	1
< 1069	1084	1043	2	1	2
< 1085	1042	1054	1	2	1
< 1041	1055	1071	2	1	2
< 1056	1070	1083	1	2	1
< 1069	1084	1043	2	1	2
---
> 1043	1084	1147	2	1	2
> 1085	1120	1132	1	2	1
> 1119	1133	1149	2	1	2
> 1134	1148	1161	1	2	1
> 1121	1162	1225	2	1	2
> 1163	1198	1210	1	2	1
> 1197	1211	1227	2	1	2
> 1212	1226	1239	1	2	1
> 1199	1240	1069	2	1	2

2lme
1c1
< 92	50	62	1	2	1
---
> 302	50	62	1	2	1
4,12c4,12
< 76	91	51	2	1	2
< 92	50	62	1	2	1
< 48	64	77	2	1	2
< 65	76	91	1	2	1
< 76	91	51	2	1	2
< 92	50	62	1	2	1
< 48	64	77	2	1	2
< 65	76	91	1	2	1
< 76	91	51	2	1	2
---
> 51	91	181	2	1	2
> 92	155	167	1	2	1
> 153	169	182	2	1	2
> 170	181	196	1	2	1
> 156	196	286	2	1	2
> 197	260	272	1	2	1
> 258	274	287	2	1	2
> 275	286	301	1	2	1
> 261	301	76	2	1	2

2o4v
1c1
< 399	28	51	1	2	1
---
> 51	28	399	1	2	1

2omf
1c1
< 329	9	32	1	2	1
---
> 32	9	329	1	2	1

3b07
1,16c1,16
< 113	124	109	1	2	1
< 123	114	117	2	1	2
< 113	124	109	1	2	1
< 123	114	117	2	1	2
< 113	124	109	1	2	1
< 123	114	117	2	1	2
< 113	124	109	1	2	1
< 123	114	117	2	1	2
< 113	124	109	1	2	1
< 123	114	117	2	1	2
< 113	124	109	1	2	1
< 123	114	117	2	1	2
< 113	124	109	1	2	1
< 123	114	117	2	1	2
< 113	124	109	1	2	1
< 123	114	117	2	1	2
---
> 2048	124	113	1	2	1
> 123	114	394	2	1	2
> 109	401	390	1	2	1
> 400	391	671	2	1	2
> 386	678	667	1	2	1
> 677	668	948	2	1	2
> 663	955	944	1	2	1
> 954	945	1225	2	1	2
> 940	1232	1221	1	2	1
> 1231	1222	1502	2	1	2
> 1217	1509	1498	1	2	1
> 1508	1499	1779	2	1	2
> 1494	1786	1775	1	2	1
> 1785	1776	2056	2	1	2
> 1771	2063	2052	1	2	1
> 2062	2053	117	2	1	2

3bs0
1c1
< 419	41	74	1	2	1
---
> 74	41	419	1	2	1

3csl
8c8
< 393	431	450	2	1	2
---
> 394	430	451	2	1	2

3fid
8c8
< 154	178	211	2	1	2
---
> 155	177	212	2	1	2

3o44
1,14c1,14
< 288	298	286	1	2	1
< 299	287	297	2	1	2
< 288	298	286	1	2	1
< 299	287	297	2	1	2
< 288	298	286	1	2	1
< 299	287	297	2	1	2
< 288	298	286	1	2	1
< 299	287	297	2	1	2
< 288	298	286	1	2	1
< 299	287	297	2	1	2
< 288	298	286	1	2	1
< 299	287	297	2	1	2
< 288	298	286	1	2	1
< 299	287	297	2	1	2
---
> 3774	298	286	1	2	1
> 297	287	880	2	1	2
> 288	879	867	1	2	1
> 878	868	1461	2	1	2
> 869	1460	1448	1	2	1
> 1459	1449	2042	2	1	2
> 1450	2041	2029	1	2	1
> 2040	2030	2623	2	1	2
> 2031	2622	2610	1	2	1
> 2621	2611	3204	2	1	2
> 2612	3203	3191	1	2	1
> 3202	3192	3785	2	1	2
> 3193	3784	3772	1	2	1
> 3783	3773	299	2	1	2

3pik
1c1
< 314	79	102	1	2	1
---
> 1172	79	102	1	2	1
4,12c4,12
< 283	312	81	2	1	2
< 314	79	102	1	2	1
< 77	104	287	2	1	2
< 106	285	310	1	2	1
< 283	312	81	2	1	2
< 314	79	102	1	2	1
< 77	104	287	2	1	2
< 106	285	310	1	2	1
< 283	312	81	2	1	2
---
> 81	312	712	2	1	2
> 314	508	531	1	2	1
> 506	533	716	2	1	2
> 535	714	739	1	2	1
> 510	741	1141	2	1	2
> 743	937	960	1	2	1
> 935	962	1145	2	1	2
> 964	1143	1168	1	2	1
> 939	1170	283	2	1	2

3rfz
24c24
< 659	645	136	2	1	2
---
> 626	644	137	2	1	2

3v8x
4c4
< 211	306	322	2	1	2
---
> 212	305	323	2	1	2

4e1s
4c4
< 237	251	269	2	1	2
---
> 238	250	270	2	1	2

4pr7
4c4
< 24	56	71	2	1	2
---
> 25	55	72	2	1	2

4q35
2c2
< 223	236	253	2	1	2
---
> 224	235	254	2	1	2

7ahl
1,14c1,14
< 115	128	113	1	2	1
< 129	114	127	2	1	2
< 115	128	113	1	2	1
< 129	114	127	2	1	2
< 115	128	113	1	2	1
< 129	114	127	2	1	2
< 115	128	113	1	2	1
< 129	114	127	2	1	2
< 115	128	113	1	2	1
< 129	114	127	2	1	2
< 115	128	113	1	2	1
< 129	114	127	2	1	2
< 115	128	113	1	2	1
< 129	114	127	2	1	2
---
> 1873	128	113	1	2	1
> 127	114	422	2	1	2
> 115	421	406	1	2	1
> 420	407	715	2	1	2
> 408	714	699	1	2	1
> 713	700	1008	2	1	2
> 701	1007	992	1	2	1
> 1006	993	1301	2	1	2
> 994	1300	1285	1	2	1
> 1299	1286	1594	2	1	2
> 1287	1593	1578	1	2	1
> 1592	1579	1887	2	1	2
> 1580	1886	1871	1	2	1
> 1885	1872	129	2	1	2
