1a0s
[[-1.  0.  0.]
 [ 0.  0.  0.]
 [ 0.  0.  0.]
 [ 0.  0.  0.]
 [ 0.  0.  0.]
 [ 0.  0.  0.]
 [ 0.  0.  0.]
 [ 0.  0.  0.]
 [ 0.  0.  0.]
 [ 0.  0.  0.]
 [ 0.  0.  0.]
 [ 0.  0.  0.]
 [ 0.  0.  0.]
 [ 0.  0.  0.]
 [ 0.  0.  0.]
 [ 0.  0.  0.]
 [ 0.  0.  0.]
 [ 0.  0.  1.]]
[[-0.  0.  0.]
 [ 0.  0.  0.]
 [ 0.  0.  0.]
 [ 0.  0.  0.]
 [ 0.  0.  0.]
 [ 0.  0.  0.]
 [ 0.  0.  0.]
 [ 0.  0.  0.]
 [ 0.  0.  0.]
 [ 0.  0.  0.]
 [ 0.  0.  0.]
 [ 0.  0.  0.]
 [ 0.  0.  0.]
 [ 0.  0.  0.]
 [ 0.  0.  0.]
 [ 0.  0.  0.]
 [ 0.  0.  0.]
 [ 0.  0.  0.]]
[[480  80 118]
 [ 79 119 143]
 [121 141 160]
 [140 162 187]
 [163 186 208]
 [185 209 228]
 [211 226 248]
 [226 248 261]
 [250 259 291]
 [259 291 312]
 [293 310 340]
 [310 340 358]
 [342 356 378]
 [355 379 395]
 [380 394 421]
 [393 422 444]
 [423 443 476]
 [442 477  83]]
[[ 480.   80.  118.]
 [  79.  119.  143.]
 [ 121.  141.  160.]
 [ 140.  162.  187.]
 [ 163.  186.  208.]
 [ 185.  209.  228.]
 [ 211.  226.  248.]
 [ 226.  248.  261.]
 [ 250.  259.  291.]
 [ 259.  291.  312.]
 [ 293.  310.  340.]
 [ 310.  340.  358.]
 [ 342.  356.  378.]
 [ 355.  379.  395.]
 [ 380.  394.  421.]
 [ 393.  422.  444.]
 [ 423.  443.  476.]
 [ 442.  477.   83.]]
1bxw
[[-1.  0.  0.]
 [ 0.  0.  0.]
 [ 0.  0.  0.]
 [ 0.  0.  0.]
 [ 0.  0.  0.]
 [ 0.  0.  0.]
 [ 0.  0.  0.]
 [ 0.  0.  1.]]
[[-0.  0.  0.]
 [ 0.  0.  0.]
 [ 0.  0.  0.]
 [ 0.  0.  0.]
 [ 0.  0.  0.]
 [ 0.  0.  0.]
 [ 0.  0.  0.]
 [ 0.  0.  0.]]
[[166  11  39]
 [ 10  40  54]
 [ 41  53  79]
 [ 52  80  98]
 [ 82  96 124]
 [ 94 126 140]
 [127 139 164]
 [138 165  12]]
[[ 166.   11.   39.]
 [  10.   40.   54.]
 [  41.   53.   79.]
 [  52.   80.   98.]
 [  82.   96.  124.]
 [  94.  126.  140.]
 [ 127.  139.  164.]
 [ 138.  165.   12.]]
1e54
[[-1.  0.  0.]
 [ 0.  0.  0.]
 [ 0.  0.  0.]
 [ 0.  0.  0.]
 [ 0.  0.  0.]
 [ 0.  0.  0.]
 [ 0.  0.  0.]
 [ 0.  0.  0.]
 [ 0.  0.  0.]
 [ 0.  0.  0.]
 [ 0.  0.  0.]
 [ 0.  0.  0.]
 [ 0.  0.  0.]
 [ 0.  0.  0.]
 [ 0.  0.  0.]
 [ 0.  0.  1.]]
[[-0.  0.  0.]
 [ 0.  0.  0.]
 [ 0.  0.  0.]
 [ 0.  0.  0.]
 [ 0.  0.  0.]
 [ 0.  0.  0.]
 [ 0.  0.  0.]
 [ 0.  0.  0.]
 [ 0.  0.  0.]
 [ 0.  0.  0.]
 [ 0.  0.  0.]
 [ 0.  0.  0.]
 [ 0.  0.  0.]
 [ 0.  0.  0.]
 [ 0.  0.  0.]
 [ 0.  0.  0.]]
[[328  12  31]
 [ 10  37  61]
 [ 39  59  75]
 [ 57  77  92]
 [ 79  90 138]
 [ 89 139 153]
 [140 152 174]
 [151 175 188]
 [176 187 208]
 [186 209 222]
 [210 221 243]
 [220 244 258]
 [245 257 276]
 [257 276 292]
 [278 290 326]
 [290 326  14]]
[[ 328.   12.   31.]
 [  10.   37.   61.]
 [  39.   59.   75.]
 [  57.   77.   92.]
 [  79.   90.  138.]
 [  89.  139.  153.]
 [ 140.  152.  174.]
 [ 151.  175.  188.]
 [ 176.  187.  208.]
 [ 186.  209.  222.]
 [ 210.  221.  243.]
 [ 220.  244.  258.]
 [ 245.  257.  276.]
 [ 257.  276.  292.]
 [ 278.  290.  326.]
 [ 290.  326.   14.]]
1ek9
[[-1.  0.  0.]
 [ 0.  0.  0.]
 [ 0.  0.  0.]
 [ 0.  0.  1.]
 [ 0.  1.  1.]
 [ 1.  1.  1.]
 [ 1.  1.  1.]
 [ 1.  1.  2.]
 [ 1.  2.  2.]
 [ 2.  2.  2.]
 [ 2.  2.  2.]
 [ 2.  2.  3.]]
[[ 856.    0.    0.]
 [   0.    0.    0.]
 [   0.    0.    0.]
 [   0.    0.  428.]
 [   0.  428.  428.]
 [ 428.  428.  428.]
 [ 428.  428.  428.]
 [ 428.  428.  856.]
 [ 428.  856.  856.]
 [ 856.  856.  856.]
 [ 856.  856.  856.]
 [ 856.  856.    0.]]
[[290  44  69]
 [ 42  71 252]
 [ 73 250 286]
 [ 46 288 248]
 [290  44  69]
 [ 42  71 252]
 [ 73 250 286]
 [ 46 288 248]
 [290  44  69]
 [ 42  71 252]
 [ 73 250 286]
 [ 46 288 248]]
[[ 1146.    44.    69.]
 [   42.    71.   252.]
 [   73.   250.   286.]
 [   46.   288.   676.]
 [  290.   472.   497.]
 [  470.   499.   680.]
 [  501.   678.   714.]
 [  474.   716.  1104.]
 [  718.   900.   925.]
 [  898.   927.  1108.]
 [  929.  1106.  1142.]
 [  902.  1144.   248.]]
1fep
[[-1.  0.  0.]
 [ 0.  0.  0.]
 [ 0.  0.  0.]
 [ 0.  0.  0.]
 [ 0.  0.  0.]
 [ 0.  0.  0.]
 [ 0.  0.  0.]
 [ 0.  0.  0.]
 [ 0.  0.  0.]
 [ 0.  0.  0.]
 [ 0.  0.  0.]
 [ 0.  0.  0.]
 [ 0.  0.  0.]
 [ 0.  0.  0.]
 [ 0.  0.  0.]
 [ 0.  0.  0.]
 [ 0.  0.  0.]
 [ 0.  0.  0.]
 [ 0.  0.  0.]
 [ 0.  0.  0.]
 [ 0.  0.  0.]
 [ 0.  0.  1.]]
[[-0.  0.  0.]
 [ 0.  0.  0.]
 [ 0.  0.  0.]
 [ 0.  0.  0.]
 [ 0.  0.  0.]
 [ 0.  0.  0.]
 [ 0.  0.  0.]
 [ 0.  0.  0.]
 [ 0.  0.  0.]
 [ 0.  0.  0.]
 [ 0.  0.  0.]
 [ 0.  0.  0.]
 [ 0.  0.  0.]
 [ 0.  0.  0.]
 [ 0.  0.  0.]
 [ 0.  0.  0.]
 [ 0.  0.  0.]
 [ 0.  0.  0.]
 [ 0.  0.  0.]
 [ 0.  0.  0.]
 [ 0.  0.  0.]
 [ 0.  0.  0.]]
[[721 158 176]
 [157 177 193]
 [179 191 235]
 [190 236 250]
 [237 249 291]
 [249 291 307]
 [293 305 349]
 [305 349 367]
 [350 366 413]
 [365 414 430]
 [416 428 446]
 [427 447 461]
 [448 460 512]
 [459 513 526]
 [514 525 568]
 [524 569 583]
 [570 582 609]
 [581 610 624]
 [611 623 659]
 [622 660 674]
 [662 672 719]
 [671 720 159]]
[[ 721.  158.  176.]
 [ 157.  177.  193.]
 [ 179.  191.  235.]
 [ 190.  236.  250.]
 [ 237.  249.  291.]
 [ 249.  291.  307.]
 [ 293.  305.  349.]
 [ 305.  349.  367.]
 [ 350.  366.  413.]
 [ 365.  414.  430.]
 [ 416.  428.  446.]
 [ 427.  447.  461.]
 [ 448.  460.  512.]
 [ 459.  513.  526.]
 [ 514.  525.  568.]
 [ 524.  569.  583.]
 [ 570.  582.  609.]
 [ 581.  610.  624.]
 [ 611.  623.  659.]
 [ 622.  660.  674.]
 [ 662.  672.  719.]
 [ 671.  720.  159.]]
1i78
[[-1.  0.  0.]
 [ 0.  0.  0.]
 [ 0.  0.  0.]
 [ 0.  0.  0.]
 [ 0.  0.  0.]
 [ 0.  0.  0.]
 [ 0.  0.  0.]
 [ 0.  0.  0.]
 [ 0.  0.  0.]
 [ 0.  0.  1.]]
[[-0.  0.  0.]
 [ 0.  0.  0.]
 [ 0.  0.  0.]
 [ 0.  0.  0.]
 [ 0.  0.  0.]
 [ 0.  0.  0.]
 [ 0.  0.  0.]
 [ 0.  0.  0.]
 [ 0.  0.  0.]
 [ 0.  0.  0.]]
[[293  16  54]
 [ 15  55  69]
 [ 56  68 114]
 [ 66 116 132]
 [117 131 182]
 [130 183 198]
 [185 196 235]
 [195 236 250]
 [237 249 291]
 [248 292  17]]
[[ 293.   16.   54.]
 [  15.   55.   69.]
 [  56.   68.  114.]
 [  66.  116.  132.]
 [ 117.  131.  182.]
 [ 130.  183.  198.]
 [ 185.  196.  235.]
 [ 195.  236.  250.]
 [ 237.  249.  291.]
 [ 248.  292.   17.]]
1k24
[[-1.  0.  0.]
 [ 0.  0.  0.]
 [ 0.  0.  0.]
 [ 0.  0.  0.]
 [ 0.  0.  0.]
 [ 0.  0.  0.]
 [ 0.  0.  0.]
 [ 0.  0.  0.]
 [ 0.  0.  0.]
 [ 0.  0.  1.]]
[[-0.  0.  0.]
 [ 0.  0.  0.]
 [ 0.  0.  0.]
 [ 0.  0.  0.]
 [ 0.  0.  0.]
 [ 0.  0.  0.]
 [ 0.  0.  0.]
 [ 0.  0.  0.]
 [ 0.  0.  0.]
 [ 0.  0.  0.]]
[[250  13  37]
 [ 12  38  54]
 [ 39  53  93]
 [ 52  94 114]
 [ 95 113 140]
 [112 141 161]
 [143 159 193]
 [158 194 212]
 [196 210 248]
 [209 249  14]]
[[ 250.   13.   37.]
 [  12.   38.   54.]
 [  39.   53.   93.]
 [  52.   94.  114.]
 [  95.  113.  140.]
 [ 112.  141.  161.]
 [ 143.  159.  193.]
 [ 158.  194.  212.]
 [ 196.  210.  248.]
 [ 209.  249.   14.]]
1kmo
[[-1.  0.  0.]
 [ 0.  0.  0.]
 [ 0.  0.  0.]
 [ 0.  0.  0.]
 [ 0.  0.  0.]
 [ 0.  0.  0.]
 [ 0.  0.  0.]
 [ 0.  0.  0.]
 [ 0.  0.  0.]
 [ 0.  0.  0.]
 [ 0.  0.  0.]
 [ 0.  0.  0.]
 [ 0.  0.  0.]
 [ 0.  0.  0.]
 [ 0.  0.  0.]
 [ 0.  0.  0.]
 [ 0.  0.  0.]
 [ 0.  0.  0.]
 [ 0.  0.  0.]
 [ 0.  0.  0.]
 [ 0.  0.  0.]
 [ 0.  0.  1.]]
[[-0.  0.  0.]
 [ 0.  0.  0.]
 [ 0.  0.  0.]
 [ 0.  0.  0.]
 [ 0.  0.  0.]
 [ 0.  0.  0.]
 [ 0.  0.  0.]
 [ 0.  0.  0.]
 [ 0.  0.  0.]
 [ 0.  0.  0.]
 [ 0.  0.  0.]
 [ 0.  0.  0.]
 [ 0.  0.  0.]
 [ 0.  0.  0.]
 [ 0.  0.  0.]
 [ 0.  0.  0.]
 [ 0.  0.  0.]
 [ 0.  0.  0.]
 [ 0.  0.  0.]
 [ 0.  0.  0.]
 [ 0.  0.  0.]
 [ 0.  0.  0.]]
[[739 227 248]
 [227 248 264]
 [250 262 285]
 [261 286 300]
 [287 299 342]
 [299 342 358]
 [343 357 388]
 [356 389 408]
 [390 407 450]
 [406 451 466]
 [452 465 494]
 [464 495 511]
 [497 509 542]
 [508 543 556]
 [544 555 588]
 [554 589 609]
 [590 608 638]
 [607 639 652]
 [641 650 687]
 [649 688 703]
 [689 702 736]
 [701 737 229]]
[[ 739.  227.  248.]
 [ 227.  248.  264.]
 [ 250.  262.  285.]
 [ 261.  286.  300.]
 [ 287.  299.  342.]
 [ 299.  342.  358.]
 [ 343.  357.  388.]
 [ 356.  389.  408.]
 [ 390.  407.  450.]
 [ 406.  451.  466.]
 [ 452.  465.  494.]
 [ 464.  495.  511.]
 [ 497.  509.  542.]
 [ 508.  543.  556.]
 [ 544.  555.  588.]
 [ 554.  589.  609.]
 [ 590.  608.  638.]
 [ 607.  639.  652.]
 [ 641.  650.  687.]
 [ 649.  688.  703.]
 [ 689.  702.  736.]
 [ 701.  737.  229.]]
1nqe
[[-1.  0.  0.]
 [ 0.  0.  0.]
 [ 0.  0.  0.]
 [ 0.  0.  0.]
 [ 0.  0.  0.]
 [ 0.  0.  0.]
 [ 0.  0.  0.]
 [ 0.  0.  0.]
 [ 0.  0.  0.]
 [ 0.  0.  0.]
 [ 0.  0.  0.]
 [ 0.  0.  0.]
 [ 0.  0.  0.]
 [ 0.  0.  0.]
 [ 0.  0.  0.]
 [ 0.  0.  0.]
 [ 0.  0.  0.]
 [ 0.  0.  0.]
 [ 0.  0.  0.]
 [ 0.  0.  0.]
 [ 0.  0.  0.]
 [ 0.  0.  1.]]
[[-0.  0.  0.]
 [ 0.  0.  0.]
 [ 0.  0.  0.]
 [ 0.  0.  0.]
 [ 0.  0.  0.]
 [ 0.  0.  0.]
 [ 0.  0.  0.]
 [ 0.  0.  0.]
 [ 0.  0.  0.]
 [ 0.  0.  0.]
 [ 0.  0.  0.]
 [ 0.  0.  0.]
 [ 0.  0.  0.]
 [ 0.  0.  0.]
 [ 0.  0.  0.]
 [ 0.  0.  0.]
 [ 0.  0.  0.]
 [ 0.  0.  0.]
 [ 0.  0.  0.]
 [ 0.  0.  0.]
 [ 0.  0.  0.]
 [ 0.  0.  0.]]
[[591 141 153]
 [140 154 170]
 [156 168 204]
 [167 205 219]
 [206 218 252]
 [217 253 266]
 [254 265 300]
 [264 301 314]
 [302 313 342]
 [312 343 356]
 [345 354 374]
 [353 375 387]
 [376 386 421]
 [385 422 433]
 [423 432 467]
 [431 468 479]
 [469 478 506]
 [477 507 518]
 [508 517 550]
 [516 551 563]
 [552 562 589]
 [561 590 142]]
[[ 591.  141.  153.]
 [ 140.  154.  170.]
 [ 156.  168.  204.]
 [ 167.  205.  219.]
 [ 206.  218.  252.]
 [ 217.  253.  266.]
 [ 254.  265.  300.]
 [ 264.  301.  314.]
 [ 302.  313.  342.]
 [ 312.  343.  356.]
 [ 345.  354.  374.]
 [ 353.  375.  387.]
 [ 376.  386.  421.]
 [ 385.  422.  433.]
 [ 423.  432.  467.]
 [ 431.  468.  479.]
 [ 469.  478.  506.]
 [ 477.  507.  518.]
 [ 508.  517.  550.]
 [ 516.  551.  563.]
 [ 552.  562.  589.]
 [ 561.  590.  142.]]
1p4t
[[-1.  0.  0.]
 [ 0.  0.  0.]
 [ 0.  0.  0.]
 [ 0.  0.  0.]
 [ 0.  0.  0.]
 [ 0.  0.  0.]
 [ 0.  0.  0.]
 [ 0.  0.  1.]]
[[-0.  0.  0.]
 [ 0.  0.  0.]
 [ 0.  0.  0.]
 [ 0.  0.  0.]
 [ 0.  0.  0.]
 [ 0.  0.  0.]
 [ 0.  0.  0.]
 [ 0.  0.  0.]]
[[152   9  32]
 [  9  32  45]
 [ 33  44  66]
 [ 44  66  86]
 [ 68  84 110]
 [ 81 113 127]
 [115 125 150]
 [124 151  10]]
[[ 152.    9.   32.]
 [   9.   32.   45.]
 [  33.   44.   66.]
 [  44.   66.   86.]
 [  68.   84.  110.]
 [  81.  113.  127.]
 [ 115.  125.  150.]
 [ 124.  151.   10.]]
1prn
[[-1.  0.  0.]
 [ 0.  0.  0.]
 [ 0.  0.  0.]
 [ 0.  0.  0.]
 [ 0.  0.  0.]
 [ 0.  0.  0.]
 [ 0.  0.  0.]
 [ 0.  0.  0.]
 [ 0.  0.  0.]
 [ 0.  0.  0.]
 [ 0.  0.  0.]
 [ 0.  0.  0.]
 [ 0.  0.  0.]
 [ 0.  0.  0.]
 [ 0.  0.  0.]
 [ 0.  0.  1.]]
[[-0.  0.  0.]
 [ 0.  0.  0.]
 [ 0.  0.  0.]
 [ 0.  0.  0.]
 [ 0.  0.  0.]
 [ 0.  0.  0.]
 [ 0.  0.  0.]
 [ 0.  0.  0.]
 [ 0.  0.  0.]
 [ 0.  0.  0.]
 [ 0.  0.  0.]
 [ 0.  0.  0.]
 [ 0.  0.  0.]
 [ 0.  0.  0.]
 [ 0.  0.  0.]
 [ 0.  0.  0.]]
[[286   9  30]
 [  6  33  53]
 [ 36  50  70]
 [ 49  71  82]
 [ 72  81 134]
 [ 80 135 146]
 [136 145 167]
 [144 168 179]
 [169 178 197]
 [178 197 211]
 [199 209 227]
 [209 227 240]
 [229 238 256]
 [238 256 270]
 [257 269 283]
 [268 284  11]]
[[ 286.    9.   30.]
 [   6.   33.   53.]
 [  36.   50.   70.]
 [  49.   71.   82.]
 [  72.   81.  134.]
 [  80.  135.  146.]
 [ 136.  145.  167.]
 [ 144.  168.  179.]
 [ 169.  178.  197.]
 [ 178.  197.  211.]
 [ 199.  209.  227.]
 [ 209.  227.  240.]
 [ 229.  238.  256.]
 [ 238.  256.  270.]
 [ 257.  269.  283.]
 [ 268.  284.   11.]]
1qd6
[[-1.  0.  0.]
 [ 0.  0.  0.]
 [ 0.  0.  0.]
 [ 0.  0.  0.]
 [ 0.  0.  0.]
 [ 0.  0.  0.]
 [ 0.  0.  0.]
 [ 0.  0.  0.]
 [ 0.  0.  0.]
 [ 0.  0.  0.]
 [ 0.  0.  0.]
 [ 0.  0.  1.]]
[[-0.  0.  0.]
 [ 0.  0.  0.]
 [ 0.  0.  0.]
 [ 0.  0.  0.]
 [ 0.  0.  0.]
 [ 0.  0.  0.]
 [ 0.  0.  0.]
 [ 0.  0.  0.]
 [ 0.  0.  0.]
 [ 0.  0.  0.]
 [ 0.  0.  0.]
 [ 0.  0.  0.]]
[[265  38  71]
 [ 35  72  93]
 [ 74  91 117]
 [ 90 118 140]
 [119 139 159]
 [138 160 175]
 [161 174 196]
 [173 197 212]
 [199 210 225]
 [209 226 240]
 [228 238 262]
 [237 263  40]]
[[ 265.   38.   71.]
 [  35.   72.   93.]
 [  74.   91.  117.]
 [  90.  118.  140.]
 [ 119.  139.  159.]
 [ 138.  160.  175.]
 [ 161.  174.  196.]
 [ 173.  197.  212.]
 [ 199.  210.  225.]
 [ 209.  226.  240.]
 [ 228.  238.  262.]
 [ 237.  263.   40.]]
1qj8
[[-1.  0.  0.]
 [ 0.  0.  0.]
 [ 0.  0.  0.]
 [ 0.  0.  0.]
 [ 0.  0.  0.]
 [ 0.  0.  0.]
 [ 0.  0.  0.]
 [ 0.  0.  1.]]
[[-0.  0.  0.]
 [ 0.  0.  0.]
 [ 0.  0.  0.]
 [ 0.  0.  0.]
 [ 0.  0.  0.]
 [ 0.  0.  0.]
 [ 0.  0.  0.]
 [ 0.  0.  0.]]
[[144   7  26]
 [  7  26  43]
 [ 27  42  66]
 [ 41  67  83]
 [ 69  81 111]
 [ 80 112 126]
 [113 125 142]
 [124 143   8]]
[[ 144.    7.   26.]
 [   7.   26.   43.]
 [  27.   42.   66.]
 [  41.   67.   83.]
 [  69.   81.  111.]
 [  80.  112.  126.]
 [ 113.  125.  142.]
 [ 124.  143.    8.]]
1t16
[[-1.  0.  0.]
 [ 0.  0.  0.]
 [ 0.  0.  0.]
 [ 0.  0.  0.]
 [ 0.  0.  0.]
 [ 0.  0.  0.]
 [ 0.  0.  0.]
 [ 0.  0.  0.]
 [ 0.  0.  0.]
 [ 0.  0.  0.]
 [ 0.  0.  0.]
 [ 0.  0.  0.]
 [ 0.  0.  0.]
 [ 0.  0.  1.]]
[[-0.  0.  0.]
 [ 0.  0.  0.]
 [ 0.  0.  0.]
 [ 0.  0.  0.]
 [ 0.  0.  0.]
 [ 0.  0.  0.]
 [ 0.  0.  0.]
 [ 0.  0.  0.]
 [ 0.  0.  0.]
 [ 0.  0.  0.]
 [ 0.  0.  0.]
 [ 0.  0.  0.]
 [ 0.  0.  0.]
 [ 0.  0.  0.]]
[[417  47  82]
 [ 47  82  98]
 [ 84  96 130]
 [ 95 131 145]
 [132 144 211]
 [143 212 226]
 [213 225 277]
 [224 278 292]
 [279 291 329]
 [291 329 345]
 [330 344 370]
 [343 371 387]
 [372 386 414]
 [385 415  49]]
[[ 417.   47.   82.]
 [  47.   82.   98.]
 [  84.   96.  130.]
 [  95.  131.  145.]
 [ 132.  144.  211.]
 [ 143.  212.  226.]
 [ 213.  225.  277.]
 [ 224.  278.  292.]
 [ 279.  291.  329.]
 [ 291.  329.  345.]
 [ 330.  344.  370.]
 [ 343.  371.  387.]
 [ 372.  386.  414.]
 [ 385.  415.   49.]]
1thq
[[-1.  0.  0.]
 [ 0.  0.  0.]
 [ 0.  0.  0.]
 [ 0.  0.  0.]
 [ 0.  0.  0.]
 [ 0.  0.  0.]
 [ 0.  0.  0.]
 [ 0.  0.  1.]]
[[-0.  0.  0.]
 [ 0.  0.  0.]
 [ 0.  0.  0.]
 [ 0.  0.  0.]
 [ 0.  0.  0.]
 [ 0.  0.  0.]
 [ 0.  0.  0.]
 [ 0.  0.  0.]]
[[158  26  54]
 [ 26  54  72]
 [ 55  71  85]
 [ 71  85 111]
 [ 86 110 124]
 [107 127 142]
 [131 138 157]
 [138 157  27]]
[[ 158.   26.   54.]
 [  26.   54.   72.]
 [  55.   71.   85.]
 [  71.   85.  111.]
 [  86.  110.  124.]
 [ 107.  127.  142.]
 [ 131.  138.  157.]
 [ 138.  157.   27.]]
1tly
[[-1.  0.  0.]
 [ 0.  0.  0.]
 [ 0.  0.  0.]
 [ 0.  0.  0.]
 [ 0.  0.  0.]
 [ 0.  0.  0.]
 [ 0.  0.  0.]
 [ 0.  0.  0.]
 [ 0.  0.  0.]
 [ 0.  0.  0.]
 [ 0.  0.  0.]
 [ 0.  0.  1.]]
[[-0.  0.  0.]
 [ 0.  0.  0.]
 [ 0.  0.  0.]
 [ 0.  0.  0.]
 [ 0.  0.  0.]
 [ 0.  0.  0.]
 [ 0.  0.  0.]
 [ 0.  0.  0.]
 [ 0.  0.  0.]
 [ 0.  0.  0.]
 [ 0.  0.  0.]
 [ 0.  0.  0.]]
[[268  19  37]
 [ 18  38  55]
 [ 40  53  79]
 [ 51  81 107]
 [ 83 105 126]
 [104 127 143]
 [129 141 167]
 [140 168 186]
 [169 185 218]
 [184 219 232]
 [220 231 266]
 [230 267  20]]
[[ 268.   19.   37.]
 [  18.   38.   55.]
 [  40.   53.   79.]
 [  51.   81.  107.]
 [  83.  105.  126.]
 [ 104.  127.  143.]
 [ 129.  141.  167.]
 [ 140.  168.  186.]
 [ 169.  185.  218.]
 [ 184.  219.  232.]
 [ 220.  231.  266.]
 [ 230.  267.   20.]]
1uyn
[[-1.  0.  0.]
 [ 0.  0.  0.]
 [ 0.  0.  0.]
 [ 0.  0.  0.]
 [ 0.  0.  0.]
 [ 0.  0.  0.]
 [ 0.  0.  0.]
 [ 0.  0.  0.]
 [ 0.  0.  0.]
 [ 0.  0.  0.]
 [ 0.  0.  0.]
 [ 0.  0.  1.]]
[[-0.  0.  0.]
 [ 0.  0.  0.]
 [ 0.  0.  0.]
 [ 0.  0.  0.]
 [ 0.  0.  0.]
 [ 0.  0.  0.]
 [ 0.  0.  0.]
 [ 0.  0.  0.]
 [ 0.  0.  0.]
 [ 0.  0.  0.]
 [ 0.  0.  0.]
 [ 0.  0.  0.]]
[[1080  823  848]
 [ 822  849  863]
 [ 850  862  887]
 [ 862  887  903]
 [ 888  902  934]
 [ 901  935  955]
 [ 937  953  988]
 [ 952  989 1007]
 [ 991 1005 1046]
 [1004 1047 1063]
 [1049 1061 1078]
 [1060 1079  824]]
[[ 1080.   823.   848.]
 [  822.   849.   863.]
 [  850.   862.   887.]
 [  862.   887.   903.]
 [  888.   902.   934.]
 [  901.   935.   955.]
 [  937.   953.   988.]
 [  952.   989.  1007.]
 [  991.  1005.  1046.]
 [ 1004.  1047.  1063.]
 [ 1049.  1061.  1078.]
 [ 1060.  1079.   824.]]
1xkw
[[-1.  0.  0.]
 [ 0.  0.  0.]
 [ 0.  0.  0.]
 [ 0.  0.  0.]
 [ 0.  0.  0.]
 [ 0.  0.  0.]
 [ 0.  0.  0.]
 [ 0.  0.  0.]
 [ 0.  0.  0.]
 [ 0.  0.  0.]
 [ 0.  0.  0.]
 [ 0.  0.  0.]
 [ 0.  0.  0.]
 [ 0.  0.  0.]
 [ 0.  0.  0.]
 [ 0.  0.  0.]
 [ 0.  0.  0.]
 [ 0.  0.  0.]
 [ 0.  0.  0.]
 [ 0.  0.  0.]
 [ 0.  0.  0.]
 [ 0.  0.  1.]]
[[-0.  0.  0.]
 [ 0.  0.  0.]
 [ 0.  0.  0.]
 [ 0.  0.  0.]
 [ 0.  0.  0.]
 [ 0.  0.  0.]
 [ 0.  0.  0.]
 [ 0.  0.  0.]
 [ 0.  0.  0.]
 [ 0.  0.  0.]
 [ 0.  0.  0.]
 [ 0.  0.  0.]
 [ 0.  0.  0.]
 [ 0.  0.  0.]
 [ 0.  0.  0.]
 [ 0.  0.  0.]
 [ 0.  0.  0.]
 [ 0.  0.  0.]
 [ 0.  0.  0.]
 [ 0.  0.  0.]
 [ 0.  0.  0.]
 [ 0.  0.  0.]]
[[717 192 204]
 [191 205 223]
 [206 222 243]
 [221 244 260]
 [245 259 306]
 [258 307 323]
 [309 321 367]
 [320 368 385]
 [369 384 441]
 [383 442 456]
 [444 454 482]
 [453 483 495]
 [484 494 526]
 [493 527 540]
 [528 539 580]
 [538 581 593]
 [582 592 626]
 [591 627 642]
 [628 641 670]
 [641 670 684]
 [671 683 714]
 [682 715 194]]
[[ 717.  192.  204.]
 [ 191.  205.  223.]
 [ 206.  222.  243.]
 [ 221.  244.  260.]
 [ 245.  259.  306.]
 [ 258.  307.  323.]
 [ 309.  321.  367.]
 [ 320.  368.  385.]
 [ 369.  384.  441.]
 [ 383.  442.  456.]
 [ 444.  454.  482.]
 [ 453.  483.  495.]
 [ 484.  494.  526.]
 [ 493.  527.  540.]
 [ 528.  539.  580.]
 [ 538.  581.  593.]
 [ 582.  592.  626.]
 [ 591.  627.  642.]
 [ 628.  641.  670.]
 [ 641.  670.  684.]
 [ 671.  683.  714.]
 [ 682.  715.  194.]]
1yc9
[[-1.  0.  0.]
 [ 0.  0.  0.]
 [ 0.  0.  0.]
 [ 0.  0.  1.]
 [ 0.  1.  1.]
 [ 1.  1.  1.]
 [ 1.  1.  1.]
 [ 1.  1.  2.]
 [ 1.  2.  2.]
 [ 2.  2.  2.]
 [ 2.  2.  2.]
 [ 2.  2.  3.]]
[[ 960.    0.    0.]
 [   0.    0.    0.]
 [   0.    0.    0.]
 [   0.    0.  480.]
 [   0.  480.  480.]
 [ 480.  480.  480.]
 [ 480.  480.  480.]
 [ 480.  480.  960.]
 [ 480.  960.  960.]
 [ 960.  960.  960.]
 [ 960.  960.  960.]
 [ 960.  960.    0.]]
[[361 118 148]
 [117 149 334]
 [151 332 356]
 [121 358 330]
 [361 118 148]
 [117 149 334]
 [151 332 356]
 [121 358 330]
 [361 118 148]
 [117 149 334]
 [151 332 356]
 [121 358 330]]
[[ 1321.   118.   148.]
 [  117.   149.   334.]
 [  151.   332.   356.]
 [  121.   358.   810.]
 [  361.   598.   628.]
 [  597.   629.   814.]
 [  631.   812.   836.]
 [  601.   838.  1290.]
 [  841.  1078.  1108.]
 [ 1077.  1109.  1294.]
 [ 1111.  1292.  1316.]
 [ 1081.  1318.   330.]]
2erv
[[-1.  0.  0.]
 [ 0.  0.  0.]
 [ 0.  0.  0.]
 [ 0.  0.  0.]
 [ 0.  0.  0.]
 [ 0.  0.  0.]
 [ 0.  0.  0.]
 [ 0.  0.  1.]]
[[-0.  0.  0.]
 [ 0.  0.  0.]
 [ 0.  0.  0.]
 [ 0.  0.  0.]
 [ 0.  0.  0.]
 [ 0.  0.  0.]
 [ 0.  0.  0.]
 [ 0.  0.  0.]]
[[146   5  19]
 [  5  19  45]
 [ 20  44  61]
 [ 42  63  84]
 [ 66  81 108]
 [ 80 109 123]
 [110 122 144]
 [121 145   6]]
[[ 146.    5.   19.]
 [   5.   19.   45.]
 [  20.   44.   61.]
 [  42.   63.   84.]
 [  66.   81.  108.]
 [  80.  109.  123.]
 [ 110.  122.  144.]
 [ 121.  145.    6.]]
2f1c
[[-1.  0.  0.]
 [ 0.  0.  0.]
 [ 0.  0.  0.]
 [ 0.  0.  0.]
 [ 0.  0.  0.]
 [ 0.  0.  0.]
 [ 0.  0.  0.]
 [ 0.  0.  0.]
 [ 0.  0.  0.]
 [ 0.  0.  0.]
 [ 0.  0.  0.]
 [ 0.  0.  0.]
 [ 0.  0.  0.]
 [ 0.  0.  1.]]
[[-0.  0.  0.]
 [ 0.  0.  0.]
 [ 0.  0.  0.]
 [ 0.  0.  0.]
 [ 0.  0.  0.]
 [ 0.  0.  0.]
 [ 0.  0.  0.]
 [ 0.  0.  0.]
 [ 0.  0.  0.]
 [ 0.  0.  0.]
 [ 0.  0.  0.]
 [ 0.  0.  0.]
 [ 0.  0.  0.]
 [ 0.  0.  0.]]
[[277  11  35]
 [ 11  35  48]
 [ 37  46  72]
 [ 46  72  90]
 [ 74  88 115]
 [ 87 116 132]
 [117 131 154]
 [130 155 171]
 [157 169 195]
 [168 196 209]
 [197 208 238]
 [207 239 253]
 [240 252 274]
 [251 275  13]]
[[ 277.   11.   35.]
 [  11.   35.   48.]
 [  37.   46.   72.]
 [  46.   72.   90.]
 [  74.   88.  115.]
 [  87.  116.  132.]
 [ 117.  131.  154.]
 [ 130.  155.  171.]
 [ 157.  169.  195.]
 [ 168.  196.  209.]
 [ 197.  208.  238.]
 [ 207.  239.  253.]
 [ 240.  252.  274.]
 [ 251.  275.   13.]]
2f1t
[[-1.  0.  0.]
 [ 0.  0.  0.]
 [ 0.  0.  0.]
 [ 0.  0.  0.]
 [ 0.  0.  0.]
 [ 0.  0.  0.]
 [ 0.  0.  0.]
 [ 0.  0.  1.]]
[[-0.  0.  0.]
 [ 0.  0.  0.]
 [ 0.  0.  0.]
 [ 0.  0.  0.]
 [ 0.  0.  0.]
 [ 0.  0.  0.]
 [ 0.  0.  0.]
 [ 0.  0.  0.]]
[[187  10  41]
 [  9  42  56]
 [ 43  55  83]
 [ 54  84 103]
 [ 86 101 137]
 [100 138 154]
 [140 152 185]
 [151 186  11]]
[[ 187.   10.   41.]
 [   9.   42.   56.]
 [  43.   55.   83.]
 [  54.   84.  103.]
 [  86.  101.  137.]
 [ 100.  138.  154.]
 [ 140.  152.  185.]
 [ 151.  186.   11.]]
2fcp
[[-1.  0.  0.]
 [ 0.  0.  0.]
 [ 0.  0.  0.]
 [ 0.  0.  0.]
 [ 0.  0.  0.]
 [ 0.  0.  0.]
 [ 0.  0.  0.]
 [ 0.  0.  0.]
 [ 0.  0.  0.]
 [ 0.  0.  0.]
 [ 0.  0.  0.]
 [ 0.  0.  0.]
 [ 0.  0.  0.]
 [ 0.  0.  0.]
 [ 0.  0.  0.]
 [ 0.  0.  0.]
 [ 0.  0.  0.]
 [ 0.  0.  0.]
 [ 0.  0.  0.]
 [ 0.  0.  0.]
 [ 0.  0.  0.]
 [ 0.  0.  1.]]
[[-0.  0.  0.]
 [ 0.  0.  0.]
 [ 0.  0.  0.]
 [ 0.  0.  0.]
 [ 0.  0.  0.]
 [ 0.  0.  0.]
 [ 0.  0.  0.]
 [ 0.  0.  0.]
 [ 0.  0.  0.]
 [ 0.  0.  0.]
 [ 0.  0.  0.]
 [ 0.  0.  0.]
 [ 0.  0.  0.]
 [ 0.  0.  0.]
 [ 0.  0.  0.]
 [ 0.  0.  0.]
 [ 0.  0.  0.]
 [ 0.  0.  0.]
 [ 0.  0.  0.]
 [ 0.  0.  0.]
 [ 0.  0.  0.]
 [ 0.  0.  0.]]
[[720 165 177]
 [164 178 196]
 [179 195 216]
 [194 217 233]
 [218 232 283]
 [231 284 300]
 [286 298 359]
 [298 359 378]
 [361 376 445]
 [375 446 459]
 [447 458 489]
 [457 490 504]
 [492 502 533]
 [502 533 548]
 [535 546 582]
 [546 582 596]
 [584 594 626]
 [594 626 644]
 [628 642 670]
 [642 670 688]
 [672 686 718]
 [686 718 167]]
[[ 720.  165.  177.]
 [ 164.  178.  196.]
 [ 179.  195.  216.]
 [ 194.  217.  233.]
 [ 218.  232.  283.]
 [ 231.  284.  300.]
 [ 286.  298.  359.]
 [ 298.  359.  378.]
 [ 361.  376.  445.]
 [ 375.  446.  459.]
 [ 447.  458.  489.]
 [ 457.  490.  504.]
 [ 492.  502.  533.]
 [ 502.  533.  548.]
 [ 535.  546.  582.]
 [ 546.  582.  596.]
 [ 584.  594.  626.]
 [ 594.  626.  644.]
 [ 628.  642.  670.]
 [ 642.  670.  688.]
 [ 672.  686.  718.]
 [ 686.  718.  167.]]
2gr8
[[-1.  0.  0.]
 [ 0.  0.  0.]
 [ 0.  0.  0.]
 [ 0.  0.  1.]
 [ 0.  1.  1.]
 [ 1.  1.  1.]
 [ 1.  1.  1.]
 [ 1.  1.  2.]
 [ 1.  2.  2.]
 [ 2.  2.  2.]
 [ 2.  2.  2.]
 [ 2.  2.  3.]]
[[ 2196.     0.     0.]
 [    0.     0.     0.]
 [    0.     0.     0.]
 [    0.     0.  1098.]
 [    0.  1098.  1098.]
 [ 1098.  1098.  1098.]
 [ 1098.  1098.  1098.]
 [ 1098.  1098.  2196.]
 [ 1098.  2196.  2196.]
 [ 2196.  2196.  2196.]
 [ 2196.  2196.  2196.]
 [ 2196.  2196.     0.]]
[[1094 1050 1063]
 [1049 1064 1079]
 [1065 1078 1092]
 [1051 1093 1077]
 [1094 1050 1063]
 [1049 1064 1079]
 [1065 1078 1092]
 [1051 1093 1077]
 [1094 1050 1063]
 [1049 1064 1079]
 [1065 1078 1092]
 [1051 1093 1077]]
[[ 3290.  1050.  1063.]
 [ 1049.  1064.  1079.]
 [ 1065.  1078.  1092.]
 [ 1051.  1093.  2175.]
 [ 1094.  2148.  2161.]
 [ 2147.  2162.  2177.]
 [ 2163.  2176.  2190.]
 [ 2149.  2191.  3273.]
 [ 2192.  3246.  3259.]
 [ 3245.  3260.  3275.]
 [ 3261.  3274.  3288.]
 [ 3247.  3289.  1077.]]
2lhf
[[-1.  0.  0.]
 [ 0.  0.  0.]
 [ 0.  0.  0.]
 [ 0.  0.  0.]
 [ 0.  0.  0.]
 [ 0.  0.  0.]
 [ 0.  0.  0.]
 [ 0.  0.  1.]]
[[-0.  0.  0.]
 [ 0.  0.  0.]
 [ 0.  0.  0.]
 [ 0.  0.  0.]
 [ 0.  0.  0.]
 [ 0.  0.  0.]
 [ 0.  0.  0.]
 [ 0.  0.  0.]]
[[175   8  44]
 [  7  45  58]
 [ 46  57  78]
 [ 56  79  98]
 [ 80  97 123]
 [ 95 125 141]
 [127 139 173]
 [138 174   9]]
[[ 175.    8.   44.]
 [   7.   45.   58.]
 [  46.   57.   78.]
 [  56.   79.   98.]
 [  80.   97.  123.]
 [  95.  125.  141.]
 [ 127.  139.  173.]
 [ 138.  174.    9.]]
2lme
[[-1.  0.  0.]
 [ 0.  0.  0.]
 [ 0.  0.  0.]
 [ 0.  0.  1.]
 [ 0.  1.  1.]
 [ 1.  1.  1.]
 [ 1.  1.  1.]
 [ 1.  1.  2.]
 [ 1.  2.  2.]
 [ 2.  2.  2.]
 [ 2.  2.  2.]
 [ 2.  2.  3.]]
[[ 210.    0.    0.]
 [   0.    0.    0.]
 [   0.    0.    0.]
 [   0.    0.  105.]
 [   0.  105.  105.]
 [ 105.  105.  105.]
 [ 105.  105.  105.]
 [ 105.  105.  210.]
 [ 105.  210.  210.]
 [ 210.  210.  210.]
 [ 210.  210.  210.]
 [ 210.  210.    0.]]
[[101  58  71]
 [ 56  73  85]
 [ 74  84 100]
 [ 59 100  84]
 [101  58  71]
 [ 56  73  85]
 [ 74  84 100]
 [ 59 100  84]
 [101  58  71]
 [ 56  73  85]
 [ 74  84 100]
 [ 59 100  84]]
[[ 311.   58.   71.]
 [  56.   73.   85.]
 [  74.   84.  100.]
 [  59.  100.  189.]
 [ 101.  163.  176.]
 [ 161.  178.  190.]
 [ 179.  189.  205.]
 [ 164.  205.  294.]
 [ 206.  268.  281.]
 [ 266.  283.  295.]
 [ 284.  294.  310.]
 [ 269.  310.   84.]]
2mlh
[[-1.  0.  0.]
 [ 0.  0.  0.]
 [ 0.  0.  0.]
 [ 0.  0.  0.]
 [ 0.  0.  0.]
 [ 0.  0.  0.]
 [ 0.  0.  0.]
 [ 0.  0.  1.]]
[[-0.  0.  0.]
 [ 0.  0.  0.]
 [ 0.  0.  0.]
 [ 0.  0.  0.]
 [ 0.  0.  0.]
 [ 0.  0.  0.]
 [ 0.  0.  0.]
 [ 0.  0.  0.]]
[[235  12  57]
 [ 11  58  69]
 [ 59  68 120]
 [ 67 121 137]
 [122 136 195]
 [134 197 211]
 [199 209 233]
 [208 234  13]]
[[ 235.   12.   57.]
 [  11.   58.   69.]
 [  59.   68.  120.]
 [  67.  121.  137.]
 [ 122.  136.  195.]
 [ 134.  197.  211.]
 [ 199.  209.  233.]
 [ 208.  234.   13.]]
2mpr
[[-1.  0.  0.]
 [ 0.  0.  0.]
 [ 0.  0.  0.]
 [ 0.  0.  0.]
 [ 0.  0.  0.]
 [ 0.  0.  0.]
 [ 0.  0.  0.]
 [ 0.  0.  0.]
 [ 0.  0.  0.]
 [ 0.  0.  0.]
 [ 0.  0.  0.]
 [ 0.  0.  0.]
 [ 0.  0.  0.]
 [ 0.  0.  0.]
 [ 0.  0.  0.]
 [ 0.  0.  0.]
 [ 0.  0.  0.]
 [ 0.  0.  1.]]
[[-0.  0.  0.]
 [ 0.  0.  0.]
 [ 0.  0.  0.]
 [ 0.  0.  0.]
 [ 0.  0.  0.]
 [ 0.  0.  0.]
 [ 0.  0.  0.]
 [ 0.  0.  0.]
 [ 0.  0.  0.]
 [ 0.  0.  0.]
 [ 0.  0.  0.]
 [ 0.  0.  0.]
 [ 0.  0.  0.]
 [ 0.  0.  0.]
 [ 0.  0.  0.]
 [ 0.  0.  0.]
 [ 0.  0.  0.]
 [ 0.  0.  0.]]
[[424   8  41]
 [  6  43  65]
 [ 45  63  82]
 [ 63  83 105]
 [ 85 103 126]
 [102 127 143]
 [128 142 173]
 [141 174 191]
 [175 190 216]
 [189 217 232]
 [218 231 283]
 [230 284 300]
 [285 299 319]
 [298 320 336]
 [321 335 356]
 [334 357 377]
 [359 375 421]
 [374 422  10]]
[[ 424.    8.   41.]
 [   6.   43.   65.]
 [  45.   63.   82.]
 [  63.   83.  105.]
 [  85.  103.  126.]
 [ 102.  127.  143.]
 [ 128.  142.  173.]
 [ 141.  174.  191.]
 [ 175.  190.  216.]
 [ 189.  217.  232.]
 [ 218.  231.  283.]
 [ 230.  284.  300.]
 [ 285.  299.  319.]
 [ 298.  320.  336.]
 [ 321.  335.  356.]
 [ 334.  357.  377.]
 [ 359.  375.  421.]
 [ 374.  422.   10.]]
2o4v
[[-1.  0.  0.]
 [ 0.  0.  0.]
 [ 0.  0.  0.]
 [ 0.  0.  0.]
 [ 0.  0.  0.]
 [ 0.  0.  0.]
 [ 0.  0.  0.]
 [ 0.  0.  0.]
 [ 0.  0.  0.]
 [ 0.  0.  0.]
 [ 0.  0.  0.]
 [ 0.  0.  0.]
 [ 0.  0.  0.]
 [ 0.  0.  0.]
 [ 0.  0.  0.]
 [ 0.  0.  1.]]
[[-0.  0.  0.]
 [ 0.  0.  0.]
 [ 0.  0.  0.]
 [ 0.  0.  0.]
 [ 0.  0.  0.]
 [ 0.  0.  0.]
 [ 0.  0.  0.]
 [ 0.  0.  0.]
 [ 0.  0.  0.]
 [ 0.  0.  0.]
 [ 0.  0.  0.]
 [ 0.  0.  0.]
 [ 0.  0.  0.]
 [ 0.  0.  0.]
 [ 0.  0.  0.]
 [ 0.  0.  0.]]
[[ 60  36 408]
 [ 34  62  80]
 [ 64  78  95]
 [ 77  96 112]
 [ 98 110 151]
 [109 152 166]
 [154 164 186]
 [163 187 203]
 [188 202 264]
 [201 265 276]
 [266 275 300]
 [274 301 336]
 [302 335 368]
 [334 369 381]
 [370 380 406]
 [379 407  37]]
[[  60.   36.  408.]
 [  34.   62.   80.]
 [  64.   78.   95.]
 [  77.   96.  112.]
 [  98.  110.  151.]
 [ 109.  152.  166.]
 [ 154.  164.  186.]
 [ 163.  187.  203.]
 [ 188.  202.  264.]
 [ 201.  265.  276.]
 [ 266.  275.  300.]
 [ 274.  301.  336.]
 [ 302.  335.  368.]
 [ 334.  369.  381.]
 [ 370.  380.  406.]
 [ 379.  407.   37.]]
2omf
[[-1.  0.  0.]
 [ 0.  0.  0.]
 [ 0.  0.  0.]
 [ 0.  0.  0.]
 [ 0.  0.  0.]
 [ 0.  0.  0.]
 [ 0.  0.  0.]
 [ 0.  0.  0.]
 [ 0.  0.  0.]
 [ 0.  0.  0.]
 [ 0.  0.  0.]
 [ 0.  0.  0.]
 [ 0.  0.  0.]
 [ 0.  0.  0.]
 [ 0.  0.  0.]
 [ 0.  0.  1.]]
[[-0.  0.  0.]
 [ 0.  0.  0.]
 [ 0.  0.  0.]
 [ 0.  0.  0.]
 [ 0.  0.  0.]
 [ 0.  0.  0.]
 [ 0.  0.  0.]
 [ 0.  0.  0.]
 [ 0.  0.  0.]
 [ 0.  0.  0.]
 [ 0.  0.  0.]
 [ 0.  0.  0.]
 [ 0.  0.  0.]
 [ 0.  0.  0.]
 [ 0.  0.  0.]
 [ 0.  0.  0.]]
[[ 41  17 338]
 [ 14  44  62]
 [ 46  60  85]
 [ 59  86  98]
 [ 87  97 138]
 [ 96 139 155]
 [141 153 178]
 [153 178 189]
 [180 187 218]
 [187 218 229]
 [219 228 260]
 [227 261 273]
 [262 272 298]
 [271 299 311]
 [300 310 335]
 [309 336  19]]
[[  41.   17.  338.]
 [  14.   44.   62.]
 [  46.   60.   85.]
 [  59.   86.   98.]
 [  87.   97.  138.]
 [  96.  139.  155.]
 [ 141.  153.  178.]
 [ 153.  178.  189.]
 [ 180.  187.  218.]
 [ 187.  218.  229.]
 [ 219.  228.  260.]
 [ 227.  261.  273.]
 [ 262.  272.  298.]
 [ 271.  299.  311.]
 [ 300.  310.  335.]
 [ 309.  336.   19.]]
2por
[[-1.  0.  0.]
 [ 0.  0.  0.]
 [ 0.  0.  0.]
 [ 0.  0.  0.]
 [ 0.  0.  0.]
 [ 0.  0.  0.]
 [ 0.  0.  0.]
 [ 0.  0.  0.]
 [ 0.  0.  0.]
 [ 0.  0.  0.]
 [ 0.  0.  0.]
 [ 0.  0.  0.]
 [ 0.  0.  0.]
 [ 0.  0.  0.]
 [ 0.  0.  0.]
 [ 0.  0.  1.]]
[[-0.  0.  0.]
 [ 0.  0.  0.]
 [ 0.  0.  0.]
 [ 0.  0.  0.]
 [ 0.  0.  0.]
 [ 0.  0.  0.]
 [ 0.  0.  0.]
 [ 0.  0.  0.]
 [ 0.  0.  0.]
 [ 0.  0.  0.]
 [ 0.  0.  0.]
 [ 0.  0.  0.]
 [ 0.  0.  0.]
 [ 0.  0.  0.]
 [ 0.  0.  0.]
 [ 0.  0.  0.]]
[[297  10  23]
 [  8  25  49]
 [ 28  46  58]
 [ 44  60  73]
 [ 62  71 120]
 [ 71 120 133]
 [122 131 153]
 [131 153 166]
 [155 164 187]
 [164 187 200]
 [188 199 234]
 [198 235 248]
 [236 247 265]
 [246 266 280]
 [267 279 295]
 [278 296  11]]
[[ 297.   10.   23.]
 [   8.   25.   49.]
 [  28.   46.   58.]
 [  44.   60.   73.]
 [  62.   71.  120.]
 [  71.  120.  133.]
 [ 122.  131.  153.]
 [ 131.  153.  166.]
 [ 155.  164.  187.]
 [ 164.  187.  200.]
 [ 188.  199.  234.]
 [ 198.  235.  248.]
 [ 236.  247.  265.]
 [ 246.  266.  280.]
 [ 267.  279.  295.]
 [ 278.  296.   11.]]
2qdz
[[-1.  0.  0.]
 [ 0.  0.  0.]
 [ 0.  0.  0.]
 [ 0.  0.  0.]
 [ 0.  0.  0.]
 [ 0.  0.  0.]
 [ 0.  0.  0.]
 [ 0.  0.  0.]
 [ 0.  0.  0.]
 [ 0.  0.  0.]
 [ 0.  0.  0.]
 [ 0.  0.  0.]
 [ 0.  0.  0.]
 [ 0.  0.  0.]
 [ 0.  0.  0.]
 [ 0.  0.  1.]]
[[-0.  0.  0.]
 [ 0.  0.  0.]
 [ 0.  0.  0.]
 [ 0.  0.  0.]
 [ 0.  0.  0.]
 [ 0.  0.  0.]
 [ 0.  0.  0.]
 [ 0.  0.  0.]
 [ 0.  0.  0.]
 [ 0.  0.  0.]
 [ 0.  0.  0.]
 [ 0.  0.  0.]
 [ 0.  0.  0.]
 [ 0.  0.  0.]
 [ 0.  0.  0.]
 [ 0.  0.  0.]]
[[552 215 234]
 [214 235 251]
 [236 250 270]
 [249 271 284]
 [272 283 312]
 [282 313 331]
 [314 330 358]
 [329 359 376]
 [360 375 405]
 [374 406 427]
 [408 425 475]
 [424 476 491]
 [478 489 513]
 [488 514 527]
 [516 525 549]
 [523 551 216]]
[[ 552.  215.  234.]
 [ 214.  235.  251.]
 [ 236.  250.  270.]
 [ 249.  271.  284.]
 [ 272.  283.  312.]
 [ 282.  313.  331.]
 [ 314.  330.  358.]
 [ 329.  359.  376.]
 [ 360.  375.  405.]
 [ 374.  406.  427.]
 [ 408.  425.  475.]
 [ 424.  476.  491.]
 [ 478.  489.  513.]
 [ 488.  514.  527.]
 [ 516.  525.  549.]
 [ 523.  551.  216.]]
2vqi
[[-1.  0.  0.]
 [ 0.  0.  0.]
 [ 0.  0.  0.]
 [ 0.  0.  0.]
 [ 0.  0.  0.]
 [ 0.  0.  0.]
 [ 0.  0.  0.]
 [ 0.  0.  0.]
 [ 0.  0.  0.]
 [ 0.  0.  0.]
 [ 0.  0.  0.]
 [ 0.  0.  0.]
 [ 0.  0.  0.]
 [ 0.  0.  0.]
 [ 0.  0.  0.]
 [ 0.  0.  0.]
 [ 0.  0.  0.]
 [ 0.  0.  0.]
 [ 0.  0.  0.]
 [ 0.  0.  0.]
 [ 0.  0.  0.]
 [ 0.  0.  0.]
 [ 0.  0.  0.]
 [ 0.  0.  1.]]
[[-0.  0.  0.]
 [ 0.  0.  0.]
 [ 0.  0.  0.]
 [ 0.  0.  0.]
 [ 0.  0.  0.]
 [ 0.  0.  0.]
 [ 0.  0.  0.]
 [ 0.  0.  0.]
 [ 0.  0.  0.]
 [ 0.  0.  0.]
 [ 0.  0.  0.]
 [ 0.  0.  0.]
 [ 0.  0.  0.]
 [ 0.  0.  0.]
 [ 0.  0.  0.]
 [ 0.  0.  0.]
 [ 0.  0.  0.]
 [ 0.  0.  0.]
 [ 0.  0.  0.]
 [ 0.  0.  0.]
 [ 0.  0.  0.]
 [ 0.  0.  0.]
 [ 0.  0.  0.]
 [ 0.  0.  0.]]
[[631 150 172]
 [149 173 186]
 [174 185 211]
 [184 212 227]
 [213 226 244]
 [225 245 341]
 [246 340 360]
 [339 361 375]
 [362 374 387]
 [373 388 402]
 [389 401 423]
 [400 424 440]
 [425 439 473]
 [438 474 489]
 [475 488 506]
 [487 507 525]
 [508 524 541]
 [523 542 555]
 [543 554 567]
 [553 568 583]
 [569 582 600]
 [581 601 614]
 [603 612 628]
 [611 629 152]]
[[ 631.  150.  172.]
 [ 149.  173.  186.]
 [ 174.  185.  211.]
 [ 184.  212.  227.]
 [ 213.  226.  244.]
 [ 225.  245.  341.]
 [ 246.  340.  360.]
 [ 339.  361.  375.]
 [ 362.  374.  387.]
 [ 373.  388.  402.]
 [ 389.  401.  423.]
 [ 400.  424.  440.]
 [ 425.  439.  473.]
 [ 438.  474.  489.]
 [ 475.  488.  506.]
 [ 487.  507.  525.]
 [ 508.  524.  541.]
 [ 523.  542.  555.]
 [ 543.  554.  567.]
 [ 553.  568.  583.]
 [ 569.  582.  600.]
 [ 581.  601.  614.]
 [ 603.  612.  628.]
 [ 611.  629.  152.]]
2wjr
[[-1.  0.  0.]
 [ 0.  0.  0.]
 [ 0.  0.  0.]
 [ 0.  0.  0.]
 [ 0.  0.  0.]
 [ 0.  0.  0.]
 [ 0.  0.  0.]
 [ 0.  0.  0.]
 [ 0.  0.  0.]
 [ 0.  0.  0.]
 [ 0.  0.  0.]
 [ 0.  0.  1.]]
[[-0.  0.  0.]
 [ 0.  0.  0.]
 [ 0.  0.  0.]
 [ 0.  0.  0.]
 [ 0.  0.  0.]
 [ 0.  0.  0.]
 [ 0.  0.  0.]
 [ 0.  0.  0.]
 [ 0.  0.  0.]
 [ 0.  0.  0.]
 [ 0.  0.  0.]
 [ 0.  0.  0.]]
[[211   5  20]
 [  4  21  35]
 [ 22  34  57]
 [ 33  58  76]
 [ 60  74  89]
 [ 73  90 106]
 [ 92 104 132]
 [104 132 148]
 [134 146 171]
 [145 172 186]
 [173 185 209]
 [184 210   6]]
[[ 211.    5.   20.]
 [   4.   21.   35.]
 [  22.   34.   57.]
 [  33.   58.   76.]
 [  60.   74.   89.]
 [  73.   90.  106.]
 [  92.  104.  132.]
 [ 104.  132.  148.]
 [ 134.  146.  171.]
 [ 145.  172.  186.]
 [ 173.  185.  209.]
 [ 184.  210.    6.]]
2ynk
[[-1.  0.  0.]
 [ 0.  0.  0.]
 [ 0.  0.  0.]
 [ 0.  0.  0.]
 [ 0.  0.  0.]
 [ 0.  0.  0.]
 [ 0.  0.  0.]
 [ 0.  0.  0.]
 [ 0.  0.  0.]
 [ 0.  0.  0.]
 [ 0.  0.  0.]
 [ 0.  0.  0.]
 [ 0.  0.  0.]
 [ 0.  0.  0.]
 [ 0.  0.  0.]
 [ 0.  0.  0.]
 [ 0.  0.  0.]
 [ 0.  0.  1.]]
[[-0.  0.  0.]
 [ 0.  0.  0.]
 [ 0.  0.  0.]
 [ 0.  0.  0.]
 [ 0.  0.  0.]
 [ 0.  0.  0.]
 [ 0.  0.  0.]
 [ 0.  0.  0.]
 [ 0.  0.  0.]
 [ 0.  0.  0.]
 [ 0.  0.  0.]
 [ 0.  0.  0.]
 [ 0.  0.  0.]
 [ 0.  0.  0.]
 [ 0.  0.  0.]
 [ 0.  0.  0.]
 [ 0.  0.  0.]
 [ 0.  0.  0.]]
[[472  95 120]
 [ 93 122 135]
 [124 133 156]
 [132 157 168]
 [159 166 197]
 [166 197 220]
 [199 218 241]
 [217 242 252]
 [243 251 296]
 [251 296 312]
 [297 311 332]
 [310 333 348]
 [334 347 394]
 [347 394 408]
 [395 407 436]
 [406 437 451]
 [439 449 470]
 [448 471  96]]
[[ 472.   95.  120.]
 [  93.  122.  135.]
 [ 124.  133.  156.]
 [ 132.  157.  168.]
 [ 159.  166.  197.]
 [ 166.  197.  220.]
 [ 199.  218.  241.]
 [ 217.  242.  252.]
 [ 243.  251.  296.]
 [ 251.  296.  312.]
 [ 297.  311.  332.]
 [ 310.  333.  348.]
 [ 334.  347.  394.]
 [ 347.  394.  408.]
 [ 395.  407.  436.]
 [ 406.  437.  451.]
 [ 439.  449.  470.]
 [ 448.  471.   96.]]
3aeh
[[-1.  0.  0.]
 [ 0.  0.  0.]
 [ 0.  0.  0.]
 [ 0.  0.  0.]
 [ 0.  0.  0.]
 [ 0.  0.  0.]
 [ 0.  0.  0.]
 [ 0.  0.  0.]
 [ 0.  0.  0.]
 [ 0.  0.  0.]
 [ 0.  0.  0.]
 [ 0.  0.  1.]]
[[-0.  0.  0.]
 [ 0.  0.  0.]
 [ 0.  0.  0.]
 [ 0.  0.  0.]
 [ 0.  0.  0.]
 [ 0.  0.  0.]
 [ 0.  0.  0.]
 [ 0.  0.  0.]
 [ 0.  0.  0.]
 [ 0.  0.  0.]
 [ 0.  0.  0.]
 [ 0.  0.  0.]]
[[1373 1120 1142]
 [1119 1143 1160]
 [1144 1159 1184]
 [1159 1184 1200]
 [1186 1198 1230]
 [1197 1231 1249]
 [1233 1247 1284]
 [1246 1285 1304]
 [1287 1302 1339]
 [1301 1340 1354]
 [1341 1353 1371]
 [1352 1372 1121]]
[[ 1373.  1120.  1142.]
 [ 1119.  1143.  1160.]
 [ 1144.  1159.  1184.]
 [ 1159.  1184.  1200.]
 [ 1186.  1198.  1230.]
 [ 1197.  1231.  1249.]
 [ 1233.  1247.  1284.]
 [ 1246.  1285.  1304.]
 [ 1287.  1302.  1339.]
 [ 1301.  1340.  1354.]
 [ 1341.  1353.  1371.]
 [ 1352.  1372.  1121.]]
3b07
[[-1.  0.  0.]
 [ 0.  0.  1.]
 [ 0.  1.  1.]
 [ 1.  1.  2.]
 [ 1.  2.  2.]
 [ 2.  2.  3.]
 [ 2.  3.  3.]
 [ 3.  3.  4.]
 [ 3.  4.  4.]
 [ 4.  4.  5.]
 [ 4.  5.  5.]
 [ 5.  5.  6.]
 [ 5.  6.  6.]
 [ 6.  6.  7.]
 [ 6.  7.  7.]
 [ 7.  7.  8.]]
[[ 2100.     0.     0.]
 [    0.     0.   300.]
 [    0.   300.   300.]
 [  300.   300.   600.]
 [  300.   600.   600.]
 [  600.   600.   900.]
 [  600.   900.   900.]
 [  900.   900.  1200.]
 [  900.  1200.  1200.]
 [ 1200.  1200.  1500.]
 [ 1200.  1500.  1500.]
 [ 1500.  1500.  1800.]
 [ 1500.  1800.  1800.]
 [ 1800.  1800.  2100.]
 [ 1800.  2100.  2100.]
 [ 2100.  2100.     0.]]
[[118 132 122]
 [131 123 125]
 [118 132 122]
 [131 123 125]
 [118 132 122]
 [131 123 125]
 [118 132 122]
 [131 123 125]
 [118 132 122]
 [131 123 125]
 [118 132 122]
 [131 123 125]
 [118 132 122]
 [131 123 125]
 [118 132 122]
 [131 123 125]]
[[ 2218.   132.   122.]
 [  131.   123.   425.]
 [  118.   432.   422.]
 [  431.   423.   725.]
 [  418.   732.   722.]
 [  731.   723.  1025.]
 [  718.  1032.  1022.]
 [ 1031.  1023.  1325.]
 [ 1018.  1332.  1322.]
 [ 1331.  1323.  1625.]
 [ 1318.  1632.  1622.]
 [ 1631.  1623.  1925.]
 [ 1618.  1932.  1922.]
 [ 1931.  1923.  2225.]
 [ 1918.  2232.  2222.]
 [ 2231.  2223.   125.]]
3bs0
[[-1.  0.  0.]
 [ 0.  0.  0.]
 [ 0.  0.  0.]
 [ 0.  0.  0.]
 [ 0.  0.  0.]
 [ 0.  0.  0.]
 [ 0.  0.  0.]
 [ 0.  0.  0.]
 [ 0.  0.  0.]
 [ 0.  0.  0.]
 [ 0.  0.  0.]
 [ 0.  0.  0.]
 [ 0.  0.  0.]
 [ 0.  0.  1.]]
[[-0.  0.  0.]
 [ 0.  0.  0.]
 [ 0.  0.  0.]
 [ 0.  0.  0.]
 [ 0.  0.  0.]
 [ 0.  0.  0.]
 [ 0.  0.  0.]
 [ 0.  0.  0.]
 [ 0.  0.  0.]
 [ 0.  0.  0.]
 [ 0.  0.  0.]
 [ 0.  0.  0.]
 [ 0.  0.  0.]
 [ 0.  0.  0.]]
[[ 83  49 428]
 [ 47  85  98]
 [ 86  97 139]
 [ 96 140 154]
 [141 153 223]
 [152 224 238]
 [225 237 283]
 [236 284 298]
 [285 297 338]
 [297 338 354]
 [339 353 379]
 [352 380 396]
 [381 395 426]
 [394 427  50]]
[[  83.   49.  428.]
 [  47.   85.   98.]
 [  86.   97.  139.]
 [  96.  140.  154.]
 [ 141.  153.  223.]
 [ 152.  224.  238.]
 [ 225.  237.  283.]
 [ 236.  284.  298.]
 [ 285.  297.  338.]
 [ 297.  338.  354.]
 [ 339.  353.  379.]
 [ 352.  380.  396.]
 [ 381.  395.  426.]
 [ 394.  427.   50.]]
3csl
[[-1.  0.  0.]
 [ 0.  0.  0.]
 [ 0.  0.  0.]
 [ 0.  0.  0.]
 [ 0.  0.  0.]
 [ 0.  0.  0.]
 [ 0.  0.  0.]
 [ 0.  0.  0.]
 [ 0.  0.  0.]
 [ 0.  0.  0.]
 [ 0.  0.  0.]
 [ 0.  0.  0.]
 [ 0.  0.  0.]
 [ 0.  0.  0.]
 [ 0.  0.  0.]
 [ 0.  0.  0.]
 [ 0.  0.  0.]
 [ 0.  0.  0.]
 [ 0.  0.  0.]
 [ 0.  0.  0.]
 [ 0.  0.  0.]
 [ 0.  0.  1.]]
[[-0.  0.  0.]
 [ 0.  0.  0.]
 [ 0.  0.  0.]
 [ 0.  0.  0.]
 [ 0.  0.  0.]
 [ 0.  0.  0.]
 [ 0.  0.  0.]
 [ 0.  0.  0.]
 [ 0.  0.  0.]
 [ 0.  0.  0.]
 [ 0.  0.  0.]
 [ 0.  0.  0.]
 [ 0.  0.  0.]
 [ 0.  0.  0.]
 [ 0.  0.  0.]
 [ 0.  0.  0.]
 [ 0.  0.  0.]
 [ 0.  0.  0.]
 [ 0.  0.  0.]
 [ 0.  0.  0.]
 [ 0.  0.  0.]
 [ 0.  0.  0.]]
[[862 248 261]
 [247 262 277]
 [264 275 329]
 [275 329 345]
 [331 343 386]
 [342 387 403]
 [388 402 439]
 [401 440 458]
 [441 457 491]
 [456 492 506]
 [493 505 567]
 [503 569 582]
 [570 581 625]
 [580 626 644]
 [627 643 691]
 [642 692 703]
 [693 702 770]
 [701 771 784]
 [772 783 816]
 [782 817 829]
 [818 828 860]
 [827 861 249]]
[[ 862.  248.  261.]
 [ 247.  262.  277.]
 [ 264.  275.  329.]
 [ 275.  329.  345.]
 [ 331.  343.  386.]
 [ 342.  387.  403.]
 [ 388.  402.  439.]
 [ 401.  440.  458.]
 [ 441.  457.  491.]
 [ 456.  492.  506.]
 [ 493.  505.  567.]
 [ 503.  569.  582.]
 [ 570.  581.  625.]
 [ 580.  626.  644.]
 [ 627.  643.  691.]
 [ 642.  692.  703.]
 [ 693.  702.  770.]
 [ 701.  771.  784.]
 [ 772.  783.  816.]
 [ 782.  817.  829.]
 [ 818.  828.  860.]
 [ 827.  861.  249.]]
3dwo
[[-1.  0.  0.]
 [ 0.  0.  0.]
 [ 0.  0.  0.]
 [ 0.  0.  0.]
 [ 0.  0.  0.]
 [ 0.  0.  0.]
 [ 0.  0.  0.]
 [ 0.  0.  0.]
 [ 0.  0.  0.]
 [ 0.  0.  0.]
 [ 0.  0.  0.]
 [ 0.  0.  0.]
 [ 0.  0.  0.]
 [ 0.  0.  1.]]
[[-0.  0.  0.]
 [ 0.  0.  0.]
 [ 0.  0.  0.]
 [ 0.  0.  0.]
 [ 0.  0.  0.]
 [ 0.  0.  0.]
 [ 0.  0.  0.]
 [ 0.  0.  0.]
 [ 0.  0.  0.]
 [ 0.  0.  0.]
 [ 0.  0.  0.]
 [ 0.  0.  0.]
 [ 0.  0.  0.]
 [ 0.  0.  0.]]
[[439  47 100]
 [ 46 101 115]
 [102 114 148]
 [113 149 163]
 [150 162 216]
 [161 217 231]
 [218 230 290]
 [230 290 306]
 [292 304 341]
 [304 341 357]
 [343 355 383]
 [354 384 400]
 [385 399 437]
 [398 438  48]]
[[ 439.   47.  100.]
 [  46.  101.  115.]
 [ 102.  114.  148.]
 [ 113.  149.  163.]
 [ 150.  162.  216.]
 [ 161.  217.  231.]
 [ 218.  230.  290.]
 [ 230.  290.  306.]
 [ 292.  304.  341.]
 [ 304.  341.  357.]
 [ 343.  355.  383.]
 [ 354.  384.  400.]
 [ 385.  399.  437.]
 [ 398.  438.   48.]]
3dzm
[[-1.  0.  0.]
 [ 0.  0.  0.]
 [ 0.  0.  0.]
 [ 0.  0.  0.]
 [ 0.  0.  0.]
 [ 0.  0.  0.]
 [ 0.  0.  0.]
 [ 0.  0.  1.]]
[[-0.  0.  0.]
 [ 0.  0.  0.]
 [ 0.  0.  0.]
 [ 0.  0.  0.]
 [ 0.  0.  0.]
 [ 0.  0.  0.]
 [ 0.  0.  0.]
 [ 0.  0.  0.]]
[[202   9  19]
 [  8  20  39]
 [ 21  38  78]
 [ 37  79 100]
 [ 81  98 132]
 [ 97 133 151]
 [135 149 200]
 [148 201  10]]
[[ 202.    9.   19.]
 [   8.   20.   39.]
 [  21.   38.   78.]
 [  37.   79.  100.]
 [  81.   98.  132.]
 [  97.  133.  151.]
 [ 135.  149.  200.]
 [ 148.  201.   10.]]
3fid
[[-1.  0.  0.]
 [ 0.  0.  0.]
 [ 0.  0.  0.]
 [ 0.  0.  0.]
 [ 0.  0.  0.]
 [ 0.  0.  0.]
 [ 0.  0.  0.]
 [ 0.  0.  0.]
 [ 0.  0.  0.]
 [ 0.  0.  0.]
 [ 0.  0.  0.]
 [ 0.  0.  1.]]
[[-0.  0.  0.]
 [ 0.  0.  0.]
 [ 0.  0.  0.]
 [ 0.  0.  0.]
 [ 0.  0.  0.]
 [ 0.  0.  0.]
 [ 0.  0.  0.]
 [ 0.  0.  0.]
 [ 0.  0.  0.]
 [ 0.  0.  0.]
 [ 0.  0.  0.]
 [ 0.  0.  0.]]
[[292   5  39]
 [  4  40  54]
 [ 40  54  86]
 [ 53  87 103]
 [ 89 101 147]
 [ 98 150 167]
 [154 163 186]
 [162 187 219]
 [188 218 260]
 [218 260 269]
 [261 268 292]
 [268 292   5]]
[[ 292.    5.   39.]
 [   4.   40.   54.]
 [  40.   54.   86.]
 [  53.   87.  103.]
 [  89.  101.  147.]
 [  98.  150.  167.]
 [ 154.  163.  186.]
 [ 162.  187.  219.]
 [ 188.  218.  260.]
 [ 218.  260.  269.]
 [ 261.  268.  292.]
 [ 268.  292.    5.]]
3kvn
[[-1.  0.  0.]
 [ 0.  0.  0.]
 [ 0.  0.  0.]
 [ 0.  0.  0.]
 [ 0.  0.  0.]
 [ 0.  0.  0.]
 [ 0.  0.  0.]
 [ 0.  0.  0.]
 [ 0.  0.  0.]
 [ 0.  0.  0.]
 [ 0.  0.  0.]
 [ 0.  0.  1.]]
[[-0.  0.  0.]
 [ 0.  0.  0.]
 [ 0.  0.  0.]
 [ 0.  0.  0.]
 [ 0.  0.  0.]
 [ 0.  0.  0.]
 [ 0.  0.  0.]
 [ 0.  0.  0.]
 [ 0.  0.  0.]
 [ 0.  0.  0.]
 [ 0.  0.  0.]
 [ 0.  0.  0.]]
[[617 352 377]
 [351 378 394]
 [379 393 418]
 [392 419 434]
 [421 432 470]
 [431 471 491]
 [473 489 527]
 [488 528 544]
 [530 542 585]
 [541 586 600]
 [587 599 616]
 [599 616 353]]
[[ 617.  352.  377.]
 [ 351.  378.  394.]
 [ 379.  393.  418.]
 [ 392.  419.  434.]
 [ 421.  432.  470.]
 [ 431.  471.  491.]
 [ 473.  489.  527.]
 [ 488.  528.  544.]
 [ 530.  542.  585.]
 [ 541.  586.  600.]
 [ 587.  599.  616.]
 [ 599.  616.  353.]]
3o44
[[-1.  0.  0.]
 [ 0.  0.  1.]
 [ 0.  1.  1.]
 [ 1.  1.  2.]
 [ 1.  2.  2.]
 [ 2.  2.  3.]
 [ 2.  3.  3.]
 [ 3.  3.  4.]
 [ 3.  4.  4.]
 [ 4.  4.  5.]
 [ 4.  5.  5.]
 [ 5.  5.  6.]
 [ 5.  6.  6.]
 [ 6.  6.  7.]]
[[ 4296.     0.     0.]
 [    0.     0.   716.]
 [    0.   716.   716.]
 [  716.   716.  1432.]
 [  716.  1432.  1432.]
 [ 1432.  1432.  2148.]
 [ 1432.  2148.  2148.]
 [ 2148.  2148.  2864.]
 [ 2148.  2864.  2864.]
 [ 2864.  2864.  3580.]
 [ 2864.  3580.  3580.]
 [ 3580.  3580.  4296.]
 [ 3580.  4296.  4296.]
 [ 4296.  4296.     0.]]
[[297 306 295]
 [305 296 307]
 [297 306 295]
 [305 296 307]
 [297 306 295]
 [305 296 307]
 [297 306 295]
 [305 296 307]
 [297 306 295]
 [305 296 307]
 [297 306 295]
 [305 296 307]
 [297 306 295]
 [305 296 307]]
[[ 4593.   306.   295.]
 [  305.   296.  1023.]
 [  297.  1022.  1011.]
 [ 1021.  1012.  1739.]
 [ 1013.  1738.  1727.]
 [ 1737.  1728.  2455.]
 [ 1729.  2454.  2443.]
 [ 2453.  2444.  3171.]
 [ 2445.  3170.  3159.]
 [ 3169.  3160.  3887.]
 [ 3161.  3886.  3875.]
 [ 3885.  3876.  4603.]
 [ 3877.  4602.  4591.]
 [ 4601.  4592.   307.]]
3pik
[[-1.  0.  0.]
 [ 0.  0.  0.]
 [ 0.  0.  0.]
 [ 0.  0.  1.]
 [ 0.  1.  1.]
 [ 1.  1.  1.]
 [ 1.  1.  1.]
 [ 1.  1.  2.]
 [ 1.  2.  2.]
 [ 2.  2.  2.]
 [ 2.  2.  2.]
 [ 2.  2.  3.]]
[[ 880.    0.    0.]
 [   0.    0.    0.]
 [   0.    0.    0.]
 [   0.    0.  440.]
 [   0.  440.  440.]
 [ 440.  440.  440.]
 [ 440.  440.  440.]
 [ 440.  440.  880.]
 [ 440.  880.  880.]
 [ 880.  880.  880.]
 [ 880.  880.  880.]
 [ 880.  880.    0.]]
[[323  87 111]
 [ 85 113 295]
 [115 293 319]
 [ 89 321 291]
 [323  87 111]
 [ 85 113 295]
 [115 293 319]
 [ 89 321 291]
 [323  87 111]
 [ 85 113 295]
 [115 293 319]
 [ 89 321 291]]
[[ 1203.    87.   111.]
 [   85.   113.   295.]
 [  115.   293.   319.]
 [   89.   321.   731.]
 [  323.   527.   551.]
 [  525.   553.   735.]
 [  555.   733.   759.]
 [  529.   761.  1171.]
 [  763.   967.   991.]
 [  965.   993.  1175.]
 [  995.  1173.  1199.]
 [  969.  1201.   291.]]
3rbh
[[-1.  0.  0.]
 [ 0.  0.  0.]
 [ 0.  0.  0.]
 [ 0.  0.  0.]
 [ 0.  0.  0.]
 [ 0.  0.  0.]
 [ 0.  0.  0.]
 [ 0.  0.  0.]
 [ 0.  0.  0.]
 [ 0.  0.  0.]
 [ 0.  0.  0.]
 [ 0.  0.  0.]
 [ 0.  0.  0.]
 [ 0.  0.  0.]
 [ 0.  0.  0.]
 [ 0.  0.  0.]
 [ 0.  0.  0.]
 [ 0.  0.  1.]]
[[-0.  0.  0.]
 [ 0.  0.  0.]
 [ 0.  0.  0.]
 [ 0.  0.  0.]
 [ 0.  0.  0.]
 [ 0.  0.  0.]
 [ 0.  0.  0.]
 [ 0.  0.  0.]
 [ 0.  0.  0.]
 [ 0.  0.  0.]
 [ 0.  0.  0.]
 [ 0.  0.  0.]
 [ 0.  0.  0.]
 [ 0.  0.  0.]
 [ 0.  0.  0.]
 [ 0.  0.  0.]
 [ 0.  0.  0.]
 [ 0.  0.  0.]]
[[486  48  71]
 [ 46  73  92]
 [ 75  90 129]
 [ 88 131 150]
 [129 152 164]
 [147 169 182]
 [170 181 209]
 [180 210 224]
 [211 223 257]
 [222 258 277]
 [259 276 314]
 [275 315 329]
 [316 328 382]
 [327 383 397]
 [384 396 432]
 [395 433 461]
 [434 460 484]
 [459 485  49]]
[[ 486.   48.   71.]
 [  46.   73.   92.]
 [  75.   90.  129.]
 [  88.  131.  150.]
 [ 129.  152.  164.]
 [ 147.  169.  182.]
 [ 170.  181.  209.]
 [ 180.  210.  224.]
 [ 211.  223.  257.]
 [ 222.  258.  277.]
 [ 259.  276.  314.]
 [ 275.  315.  329.]
 [ 316.  328.  382.]
 [ 327.  383.  397.]
 [ 384.  396.  432.]
 [ 395.  433.  461.]
 [ 434.  460.  484.]
 [ 459.  485.   49.]]
3rfz
[[-1.  0.  0.]
 [ 0.  0.  0.]
 [ 0.  0.  0.]
 [ 0.  0.  0.]
 [ 0.  0.  0.]
 [ 0.  0.  0.]
 [ 0.  0.  0.]
 [ 0.  0.  0.]
 [ 0.  0.  0.]
 [ 0.  0.  0.]
 [ 0.  0.  0.]
 [ 0.  0.  0.]
 [ 0.  0.  0.]
 [ 0.  0.  0.]
 [ 0.  0.  0.]
 [ 0.  0.  0.]
 [ 0.  0.  0.]
 [ 0.  0.  0.]
 [ 0.  0.  0.]
 [ 0.  0.  0.]
 [ 0.  0.  0.]
 [ 0.  0.  0.]
 [ 0.  0.  0.]
 [ 0.  0.  1.]]
[[-0.  0.  0.]
 [ 0.  0.  0.]
 [ 0.  0.  0.]
 [ 0.  0.  0.]
 [ 0.  0.  0.]
 [ 0.  0.  0.]
 [ 0.  0.  0.]
 [ 0.  0.  0.]
 [ 0.  0.  0.]
 [ 0.  0.  0.]
 [ 0.  0.  0.]
 [ 0.  0.  0.]
 [ 0.  0.  0.]
 [ 0.  0.  0.]
 [ 0.  0.  0.]
 [ 0.  0.  0.]
 [ 0.  0.  0.]
 [ 0.  0.  0.]
 [ 0.  0.  0.]
 [ 0.  0.  0.]
 [ 0.  0.  0.]
 [ 0.  0.  0.]
 [ 0.  0.  0.]
 [ 0.  0.  0.]]
[[656 142 168]
 [141 169 178]
 [170 177 205]
 [177 205 218]
 [206 217 237]
 [217 237 334]
 [238 333 353]
 [332 354 368]
 [355 367 380]
 [366 381 395]
 [382 394 416]
 [393 417 433]
 [418 432 486]
 [431 487 501]
 [488 500 519]
 [499 520 533]
 [521 532 551]
 [531 552 577]
 [553 576 590]
 [575 591 607]
 [593 605 625]
 [604 626 637]
 [628 635 652]
 [667 654 144]]
[[ 656.  142.  168.]
 [ 141.  169.  178.]
 [ 170.  177.  205.]
 [ 177.  205.  218.]
 [ 206.  217.  237.]
 [ 217.  237.  334.]
 [ 238.  333.  353.]
 [ 332.  354.  368.]
 [ 355.  367.  380.]
 [ 366.  381.  395.]
 [ 382.  394.  416.]
 [ 393.  417.  433.]
 [ 418.  432.  486.]
 [ 431.  487.  501.]
 [ 488.  500.  519.]
 [ 499.  520.  533.]
 [ 521.  532.  551.]
 [ 531.  552.  577.]
 [ 553.  576.  590.]
 [ 575.  591.  607.]
 [ 593.  605.  625.]
 [ 604.  626.  637.]
 [ 628.  635.  652.]
 [ 667.  654.  144.]]
3syb
[[-1.  0.  0.]
 [ 0.  0.  0.]
 [ 0.  0.  0.]
 [ 0.  0.  0.]
 [ 0.  0.  0.]
 [ 0.  0.  0.]
 [ 0.  0.  0.]
 [ 0.  0.  0.]
 [ 0.  0.  0.]
 [ 0.  0.  0.]
 [ 0.  0.  0.]
 [ 0.  0.  0.]
 [ 0.  0.  0.]
 [ 0.  0.  0.]
 [ 0.  0.  0.]
 [ 0.  0.  0.]
 [ 0.  0.  0.]
 [ 0.  0.  1.]]
[[-0.  0.  0.]
 [ 0.  0.  0.]
 [ 0.  0.  0.]
 [ 0.  0.  0.]
 [ 0.  0.  0.]
 [ 0.  0.  0.]
 [ 0.  0.  0.]
 [ 0.  0.  0.]
 [ 0.  0.  0.]
 [ 0.  0.  0.]
 [ 0.  0.  0.]
 [ 0.  0.  0.]
 [ 0.  0.  0.]
 [ 0.  0.  0.]
 [ 0.  0.  0.]
 [ 0.  0.  0.]
 [ 0.  0.  0.]
 [ 0.  0.  0.]]
[[455  47  86]
 [ 45  88 105]
 [ 90 103 145]
 [102 146 157]
 [148 155 184]
 [155 184 196]
 [185 195 231]
 [194 232 244]
 [233 243 259]
 [242 260 277]
 [261 276 301]
 [275 302 313]
 [303 312 354]
 [311 355 371]
 [356 370 412]
 [369 413 429]
 [415 427 452]
 [426 453  49]]
[[ 455.   47.   86.]
 [  45.   88.  105.]
 [  90.  103.  145.]
 [ 102.  146.  157.]
 [ 148.  155.  184.]
 [ 155.  184.  196.]
 [ 185.  195.  231.]
 [ 194.  232.  244.]
 [ 233.  243.  259.]
 [ 242.  260.  277.]
 [ 261.  276.  301.]
 [ 275.  302.  313.]
 [ 303.  312.  354.]
 [ 311.  355.  371.]
 [ 356.  370.  412.]
 [ 369.  413.  429.]
 [ 415.  427.  452.]
 [ 426.  453.   49.]]
3szv
[[-1.  0.  0.]
 [ 0.  0.  0.]
 [ 0.  0.  0.]
 [ 0.  0.  0.]
 [ 0.  0.  0.]
 [ 0.  0.  0.]
 [ 0.  0.  0.]
 [ 0.  0.  0.]
 [ 0.  0.  0.]
 [ 0.  0.  0.]
 [ 0.  0.  0.]
 [ 0.  0.  0.]
 [ 0.  0.  0.]
 [ 0.  0.  0.]
 [ 0.  0.  0.]
 [ 0.  0.  0.]
 [ 0.  0.  0.]
 [ 0.  0.  1.]]
[[-0.  0.  0.]
 [ 0.  0.  0.]
 [ 0.  0.  0.]
 [ 0.  0.  0.]
 [ 0.  0.  0.]
 [ 0.  0.  0.]
 [ 0.  0.  0.]
 [ 0.  0.  0.]
 [ 0.  0.  0.]
 [ 0.  0.  0.]
 [ 0.  0.  0.]
 [ 0.  0.  0.]
 [ 0.  0.  0.]
 [ 0.  0.  0.]
 [ 0.  0.  0.]
 [ 0.  0.  0.]
 [ 0.  0.  0.]
 [ 0.  0.  0.]]
[[380  11  38]
 [ 10  39  58]
 [ 41  56  94]
 [ 54  96 107]
 [ 97 106 133]
 [105 134 146]
 [135 145 179]
 [144 180 192]
 [181 191 207]
 [190 208 224]
 [209 223 246]
 [222 247 258]
 [248 257 299]
 [256 300 316]
 [302 314 341]
 [313 342 356]
 [343 355 377]
 [354 378  13]]
[[ 380.   11.   38.]
 [  10.   39.   58.]
 [  41.   56.   94.]
 [  54.   96.  107.]
 [  97.  106.  133.]
 [ 105.  134.  146.]
 [ 135.  145.  179.]
 [ 144.  180.  192.]
 [ 181.  191.  207.]
 [ 190.  208.  224.]
 [ 209.  223.  246.]
 [ 222.  247.  258.]
 [ 248.  257.  299.]
 [ 256.  300.  316.]
 [ 302.  314.  341.]
 [ 313.  342.  356.]
 [ 343.  355.  377.]
 [ 354.  378.   13.]]
3v8x
[[-1.  0.  0.]
 [ 0.  0.  0.]
 [ 0.  0.  0.]
 [ 0.  0.  0.]
 [ 0.  0.  0.]
 [ 0.  0.  0.]
 [ 0.  0.  0.]
 [ 0.  0.  0.]
 [ 0.  0.  0.]
 [ 0.  0.  0.]
 [ 0.  0.  0.]
 [ 0.  0.  0.]
 [ 0.  0.  0.]
 [ 0.  0.  0.]
 [ 0.  0.  0.]
 [ 0.  0.  0.]
 [ 0.  0.  0.]
 [ 0.  0.  0.]
 [ 0.  0.  0.]
 [ 0.  0.  0.]
 [ 0.  0.  0.]
 [ 0.  0.  1.]]
[[-0.  0.  0.]
 [ 0.  0.  0.]
 [ 0.  0.  0.]
 [ 0.  0.  0.]
 [ 0.  0.  0.]
 [ 0.  0.  0.]
 [ 0.  0.  0.]
 [ 0.  0.  0.]
 [ 0.  0.  0.]
 [ 0.  0.  0.]
 [ 0.  0.  0.]
 [ 0.  0.  0.]
 [ 0.  0.  0.]
 [ 0.  0.  0.]
 [ 0.  0.  0.]
 [ 0.  0.  0.]
 [ 0.  0.  0.]
 [ 0.  0.  0.]
 [ 0.  0.  0.]
 [ 0.  0.  0.]
 [ 0.  0.  0.]
 [ 0.  0.  0.]]
[[913 192 207]
 [191 208 221]
 [209 220 314]
 [219 315 330]
 [316 329 410]
 [328 411 429]
 [412 428 482]
 [427 483 500]
 [484 499 586]
 [499 586 602]
 [588 600 628]
 [599 629 643]
 [630 642 680]
 [641 681 694]
 [682 693 738]
 [692 739 760]
 [741 758 794]
 [758 794 809]
 [796 807 851]
 [806 852 864]
 [853 863 910]
 [862 911 194]]
[[ 913.  192.  207.]
 [ 191.  208.  221.]
 [ 209.  220.  314.]
 [ 219.  315.  330.]
 [ 316.  329.  410.]
 [ 328.  411.  429.]
 [ 412.  428.  482.]
 [ 427.  483.  500.]
 [ 484.  499.  586.]
 [ 499.  586.  602.]
 [ 588.  600.  628.]
 [ 599.  629.  643.]
 [ 630.  642.  680.]
 [ 641.  681.  694.]
 [ 682.  693.  738.]
 [ 692.  739.  760.]
 [ 741.  758.  794.]
 [ 758.  794.  809.]
 [ 796.  807.  851.]
 [ 806.  852.  864.]
 [ 853.  863.  910.]
 [ 862.  911.  194.]]
3vzt
[[-1.  0.  0.]
 [ 0.  0.  0.]
 [ 0.  0.  0.]
 [ 0.  0.  0.]
 [ 0.  0.  0.]
 [ 0.  0.  0.]
 [ 0.  0.  0.]
 [ 0.  0.  0.]
 [ 0.  0.  0.]
 [ 0.  0.  0.]
 [ 0.  0.  0.]
 [ 0.  0.  0.]
 [ 0.  0.  0.]
 [ 0.  0.  0.]
 [ 0.  0.  0.]
 [ 0.  0.  1.]]
[[-0.  0.  0.]
 [ 0.  0.  0.]
 [ 0.  0.  0.]
 [ 0.  0.  0.]
 [ 0.  0.  0.]
 [ 0.  0.  0.]
 [ 0.  0.  0.]
 [ 0.  0.  0.]
 [ 0.  0.  0.]
 [ 0.  0.  0.]
 [ 0.  0.  0.]
 [ 0.  0.  0.]
 [ 0.  0.  0.]
 [ 0.  0.  0.]
 [ 0.  0.  0.]
 [ 0.  0.  0.]]
[[338   9  39]
 [  7  42  64]
 [ 44  62  78]
 [ 60  80  93]
 [ 82  91 135]
 [ 90 136 148]
 [137 147 175]
 [146 176 187]
 [177 186 223]
 [185 224 235]
 [225 234 263]
 [234 263 276]
 [264 275 300]
 [274 301 315]
 [302 314 335]
 [313 336  11]]
[[ 338.    9.   39.]
 [   7.   42.   64.]
 [  44.   62.   78.]
 [  60.   80.   93.]
 [  82.   91.  135.]
 [  90.  136.  148.]
 [ 137.  147.  175.]
 [ 146.  176.  187.]
 [ 177.  186.  223.]
 [ 185.  224.  235.]
 [ 225.  234.  263.]
 [ 234.  263.  276.]
 [ 264.  275.  300.]
 [ 274.  301.  315.]
 [ 302.  314.  335.]
 [ 313.  336.   11.]]
4c00
[[-1.  0.  0.]
 [ 0.  0.  0.]
 [ 0.  0.  0.]
 [ 0.  0.  0.]
 [ 0.  0.  0.]
 [ 0.  0.  0.]
 [ 0.  0.  0.]
 [ 0.  0.  0.]
 [ 0.  0.  0.]
 [ 0.  0.  0.]
 [ 0.  0.  0.]
 [ 0.  0.  0.]
 [ 0.  0.  0.]
 [ 0.  0.  0.]
 [ 0.  0.  0.]
 [ 0.  0.  1.]]
[[-0.  0.  0.]
 [ 0.  0.  0.]
 [ 0.  0.  0.]
 [ 0.  0.  0.]
 [ 0.  0.  0.]
 [ 0.  0.  0.]
 [ 0.  0.  0.]
 [ 0.  0.  0.]
 [ 0.  0.  0.]
 [ 0.  0.  0.]
 [ 0.  0.  0.]
 [ 0.  0.  0.]
 [ 0.  0.  0.]
 [ 0.  0.  0.]
 [ 0.  0.  0.]
 [ 0.  0.  0.]]
[[573 272 282]
 [271 283 303]
 [284 302 311]
 [301 312 333]
 [313 332 349]
 [331 350 368]
 [351 367 388]
 [366 389 414]
 [391 412 430]
 [411 431 451]
 [433 449 502]
 [447 504 520]
 [506 518 540]
 [517 541 554]
 [542 553 571]
 [552 572 273]]
[[ 573.  272.  282.]
 [ 271.  283.  303.]
 [ 284.  302.  311.]
 [ 301.  312.  333.]
 [ 313.  332.  349.]
 [ 331.  350.  368.]
 [ 351.  367.  388.]
 [ 366.  389.  414.]
 [ 391.  412.  430.]
 [ 411.  431.  451.]
 [ 433.  449.  502.]
 [ 447.  504.  520.]
 [ 506.  518.  540.]
 [ 517.  541.  554.]
 [ 542.  553.  571.]
 [ 552.  572.  273.]]
4e1s
[[-1.  0.  0.]
 [ 0.  0.  0.]
 [ 0.  0.  0.]
 [ 0.  0.  0.]
 [ 0.  0.  0.]
 [ 0.  0.  0.]
 [ 0.  0.  0.]
 [ 0.  0.  0.]
 [ 0.  0.  0.]
 [ 0.  0.  0.]
 [ 0.  0.  0.]
 [ 0.  0.  1.]]
[[-0.  0.  0.]
 [ 0.  0.  0.]
 [ 0.  0.  0.]
 [ 0.  0.  0.]
 [ 0.  0.  0.]
 [ 0.  0.  0.]
 [ 0.  0.  0.]
 [ 0.  0.  0.]
 [ 0.  0.  0.]
 [ 0.  0.  0.]
 [ 0.  0.  0.]
 [ 0.  0.  0.]]
[[407 215 228]
 [214 229 247]
 [230 246 259]
 [245 260 277]
 [261 276 291]
 [275 292 305]
 [293 304 332]
 [303 333 349]
 [335 347 376]
 [346 377 389]
 [379 387 405]
 [386 406 216]]
[[ 407.  215.  228.]
 [ 214.  229.  247.]
 [ 230.  246.  259.]
 [ 245.  260.  277.]
 [ 261.  276.  291.]
 [ 275.  292.  305.]
 [ 293.  304.  332.]
 [ 303.  333.  349.]
 [ 335.  347.  376.]
 [ 346.  377.  389.]
 [ 379.  387.  405.]
 [ 386.  406.  216.]]
4gey
[[-1.  0.  0.]
 [ 0.  0.  0.]
 [ 0.  0.  0.]
 [ 0.  0.  0.]
 [ 0.  0.  0.]
 [ 0.  0.  0.]
 [ 0.  0.  0.]
 [ 0.  0.  0.]
 [ 0.  0.  0.]
 [ 0.  0.  0.]
 [ 0.  0.  0.]
 [ 0.  0.  0.]
 [ 0.  0.  0.]
 [ 0.  0.  0.]
 [ 0.  0.  0.]
 [ 0.  0.  1.]]
[[-0.  0.  0.]
 [ 0.  0.  0.]
 [ 0.  0.  0.]
 [ 0.  0.  0.]
 [ 0.  0.  0.]
 [ 0.  0.  0.]
 [ 0.  0.  0.]
 [ 0.  0.  0.]
 [ 0.  0.  0.]
 [ 0.  0.  0.]
 [ 0.  0.  0.]
 [ 0.  0.  0.]
 [ 0.  0.  0.]
 [ 0.  0.  0.]
 [ 0.  0.  0.]
 [ 0.  0.  0.]]
[[419  33  57]
 [ 31  59  80]
 [ 61  78 119]
 [ 77 120 135]
 [121 134 178]
 [132 180 192]
 [181 191 223]
 [191 223 240]
 [225 238 279]
 [238 279 300]
 [280 299 317]
 [298 318 336]
 [319 335 379]
 [334 380 394]
 [382 392 416]
 [391 417  35]]
[[ 419.   33.   57.]
 [  31.   59.   80.]
 [  61.   78.  119.]
 [  77.  120.  135.]
 [ 121.  134.  178.]
 [ 132.  180.  192.]
 [ 181.  191.  223.]
 [ 191.  223.  240.]
 [ 225.  238.  279.]
 [ 238.  279.  300.]
 [ 280.  299.  317.]
 [ 298.  318.  336.]
 [ 319.  335.  379.]
 [ 334.  380.  394.]
 [ 382.  392.  416.]
 [ 391.  417.   35.]]
4k3c
[[-1.  0.  0.]
 [ 0.  0.  0.]
 [ 0.  0.  0.]
 [ 0.  0.  0.]
 [ 0.  0.  0.]
 [ 0.  0.  0.]
 [ 0.  0.  0.]
 [ 0.  0.  0.]
 [ 0.  0.  0.]
 [ 0.  0.  0.]
 [ 0.  0.  0.]
 [ 0.  0.  0.]
 [ 0.  0.  0.]
 [ 0.  0.  0.]
 [ 0.  0.  0.]
 [ 0.  0.  1.]]
[[-0.  0.  0.]
 [ 0.  0.  0.]
 [ 0.  0.  0.]
 [ 0.  0.  0.]
 [ 0.  0.  0.]
 [ 0.  0.  0.]
 [ 0.  0.  0.]
 [ 0.  0.  0.]
 [ 0.  0.  0.]
 [ 0.  0.  0.]
 [ 0.  0.  0.]
 [ 0.  0.  0.]
 [ 0.  0.  0.]
 [ 0.  0.  0.]
 [ 0.  0.  0.]
 [ 0.  0.  0.]]
[[792 426 438]
 [425 439 457]
 [440 456 467]
 [455 468 486]
 [469 485 510]
 [485 510 528]
 [511 527 571]
 [526 572 597]
 [574 595 611]
 [594 612 634]
 [614 632 695]
 [630 697 720]
 [699 718 755]
 [716 757 768]
 [758 767 788]
 [765 790 428]]
[[ 792.  426.  438.]
 [ 425.  439.  457.]
 [ 440.  456.  467.]
 [ 455.  468.  486.]
 [ 469.  485.  510.]
 [ 485.  510.  528.]
 [ 511.  527.  571.]
 [ 526.  572.  597.]
 [ 574.  595.  611.]
 [ 594.  612.  634.]
 [ 614.  632.  695.]
 [ 630.  697.  720.]
 [ 699.  718.  755.]
 [ 716.  757.  768.]
 [ 758.  767.  788.]
 [ 765.  790.  428.]]
4pr7
[[-1.  0.  0.]
 [ 0.  0.  0.]
 [ 0.  0.  0.]
 [ 0.  0.  0.]
 [ 0.  0.  0.]
 [ 0.  0.  0.]
 [ 0.  0.  0.]
 [ 0.  0.  0.]
 [ 0.  0.  0.]
 [ 0.  0.  0.]
 [ 0.  0.  0.]
 [ 0.  0.  1.]]
[[-0.  0.  0.]
 [ 0.  0.  0.]
 [ 0.  0.  0.]
 [ 0.  0.  0.]
 [ 0.  0.  0.]
 [ 0.  0.  0.]
 [ 0.  0.  0.]
 [ 0.  0.  0.]
 [ 0.  0.  0.]
 [ 0.  0.  0.]
 [ 0.  0.  0.]
 [ 0.  0.  0.]]
[[213   4  22]
 [  3  23  35]
 [ 24  34  63]
 [ 32  65  79]
 [ 66  78  95]
 [ 77  96 110]
 [ 98 108 137]
 [107 138 150]
 [139 149 177]
 [148 178 190]
 [179 189 211]
 [188 212   5]]
[[ 213.    4.   22.]
 [   3.   23.   35.]
 [  24.   34.   63.]
 [  32.   65.   79.]
 [  66.   78.   95.]
 [  77.   96.  110.]
 [  98.  108.  137.]
 [ 107.  138.  150.]
 [ 139.  149.  177.]
 [ 148.  178.  190.]
 [ 179.  189.  211.]
 [ 188.  212.    5.]]
4q35
[[-1.  0.  0.]
 [ 0.  0.  0.]
 [ 0.  0.  0.]
 [ 0.  0.  0.]
 [ 0.  0.  0.]
 [ 0.  0.  0.]
 [ 0.  0.  0.]
 [ 0.  0.  0.]
 [ 0.  0.  0.]
 [ 0.  0.  0.]
 [ 0.  0.  0.]
 [ 0.  0.  0.]
 [ 0.  0.  0.]
 [ 0.  0.  0.]
 [ 0.  0.  0.]
 [ 0.  0.  0.]
 [ 0.  0.  0.]
 [ 0.  0.  0.]
 [ 0.  0.  0.]
 [ 0.  0.  0.]
 [ 0.  0.  0.]
 [ 0.  0.  0.]
 [ 0.  0.  0.]
 [ 0.  0.  0.]
 [ 0.  0.  0.]
 [ 0.  0.  1.]]
[[-0.  0.  0.]
 [ 0.  0.  0.]
 [ 0.  0.  0.]
 [ 0.  0.  0.]
 [ 0.  0.  0.]
 [ 0.  0.  0.]
 [ 0.  0.  0.]
 [ 0.  0.  0.]
 [ 0.  0.  0.]
 [ 0.  0.  0.]
 [ 0.  0.  0.]
 [ 0.  0.  0.]
 [ 0.  0.  0.]
 [ 0.  0.  0.]
 [ 0.  0.  0.]
 [ 0.  0.  0.]
 [ 0.  0.  0.]
 [ 0.  0.  0.]
 [ 0.  0.  0.]
 [ 0.  0.  0.]
 [ 0.  0.  0.]
 [ 0.  0.  0.]
 [ 0.  0.  0.]
 [ 0.  0.  0.]
 [ 0.  0.  0.]
 [ 0.  0.  0.]]
[[755 232 244]
 [231 245 261]
 [246 260 273]
 [259 274 289]
 [275 288 314]
 [287 315 331]
 [317 329 359]
 [328 360 373]
 [361 372 394]
 [371 395 413]
 [397 411 433]
 [410 434 453]
 [436 451 485]
 [449 487 514]
 [488 513 559]
 [511 561 580]
 [562 579 610]
 [578 611 625]
 [612 624 640]
 [623 641 655]
 [642 654 687]
 [653 688 702]
 [689 701 717]
 [700 718 731]
 [718 731 753]
 [730 754 233]]
[[ 755.  232.  244.]
 [ 231.  245.  261.]
 [ 246.  260.  273.]
 [ 259.  274.  289.]
 [ 275.  288.  314.]
 [ 287.  315.  331.]
 [ 317.  329.  359.]
 [ 328.  360.  373.]
 [ 361.  372.  394.]
 [ 371.  395.  413.]
 [ 397.  411.  433.]
 [ 410.  434.  453.]
 [ 436.  451.  485.]
 [ 449.  487.  514.]
 [ 488.  513.  559.]
 [ 511.  561.  580.]
 [ 562.  579.  610.]
 [ 578.  611.  625.]
 [ 612.  624.  640.]
 [ 623.  641.  655.]
 [ 642.  654.  687.]
 [ 653.  688.  702.]
 [ 689.  701.  717.]
 [ 700.  718.  731.]
 [ 718.  731.  753.]
 [ 730.  754.  233.]]
7ahl
[[-1.  0.  0.]
 [ 0.  0.  1.]
 [ 0.  1.  1.]
 [ 1.  1.  2.]
 [ 1.  2.  2.]
 [ 2.  2.  3.]
 [ 2.  3.  3.]
 [ 3.  3.  4.]
 [ 3.  4.  4.]
 [ 4.  4.  5.]
 [ 4.  5.  5.]
 [ 5.  5.  6.]
 [ 5.  6.  6.]
 [ 6.  6.  7.]]
[[ 1758.     0.     0.]
 [    0.     0.   293.]
 [    0.   293.   293.]
 [  293.   293.   586.]
 [  293.   586.   586.]
 [  586.   586.   879.]
 [  586.   879.   879.]
 [  879.   879.  1172.]
 [  879.  1172.  1172.]
 [ 1172.  1172.  1465.]
 [ 1172.  1465.  1465.]
 [ 1465.  1465.  1758.]
 [ 1465.  1758.  1758.]
 [ 1758.  1758.     0.]]
[[124 136 122]
 [135 123 137]
 [124 136 122]
 [135 123 137]
 [124 136 122]
 [135 123 137]
 [124 136 122]
 [135 123 137]
 [124 136 122]
 [135 123 137]
 [124 136 122]
 [135 123 137]
 [124 136 122]
 [135 123 137]]
[[ 1882.   136.   122.]
 [  135.   123.   430.]
 [  124.   429.   415.]
 [  428.   416.   723.]
 [  417.   722.   708.]
 [  721.   709.  1016.]
 [  710.  1015.  1001.]
 [ 1014.  1002.  1309.]
 [ 1003.  1308.  1294.]
 [ 1307.  1295.  1602.]
 [ 1296.  1601.  1587.]
 [ 1600.  1588.  1895.]
 [ 1589.  1894.  1880.]
 [ 1893.  1881.   137.]]
1a0s
1bxw
1e54
1ek9
1fep
1i78
1k24
1kmo
1nqe
1p4t
1prn
1qd6
1qj8
1t16
1thq
1tly
1uyn
1xkw
1yc9
2erv
2f1c
2f1t
2fcp
2gr8
2lhf
2lme
2mlh
2mpr
2o4v
2omf
2por
2qdz
2vqi
2wjr
2ynk
3aeh
3b07
3bs0
3csl
3dwo
3dzm
3fid
3kvn
3o44
3pik
3rbh
3rfz
3syb
3szv
3v8x
3vzt
4c00
4e1s
4gey
4k3c
4pr7
4q35
7ahl
