12 71 15 0 0
12 72 7 1 0
12 73 13 1 0
12 74 6 1 0
12 75 13 2 2
12 76 8 2 1
12 77 7 2 2
12 78 18 3 1
12 79 0 3 2
12 80 1 3 1
12 81 15 3 2
12 82 7 3 1
12 83 19 3 2
12 84 9 3 1
12 85 12 4 2
12 86 2 4 1
12 87 3 5 0
12 88 15 5 0
12 89 7 5 0
12 90 0 5 0
12 91 15 5 0
12 92 16 5 0
12 93 11 5 0
12 94 15 5 0
12 95 7 5 0
12 96 0 5 0
12 97 18 5 0
12 98 9 5 0
12 99 16 5 0
12 100 14 5 0
12 101 0 5 0
12 102 7 5 0
12 103 6 5 0
12 104 16 5 0
12 105 7 5 0
12 106 7 5 0
12 107 0 5 0
12 108 9 0 0
12 109 7 0 0
12 110 1 0 0
12 111 10 0 0
12 112 7 0 0
12 113 2 0 0
12 114 5 0 0
12 115 0 0 0
12 116 3 0 0
12 117 16 3 2
12 118 18 3 1
12 119 19 3 2
12 120 6 3 1
12 121 12 3 2
12 122 2 2 1
12 123 10 2 2
12 124 6 2 1
12 125 8 1 0
12 126 11 1 0
12 127 5 1 0
12 128 16 0 0
12 129 10 0 0
12 130 3 0 0
12 131 2 0 0
12 132 7 0 0
12 133 0 0 0
12 134 16 1 0
12 135 16 1 0
12 136 1 1 0
12 137 13 2 2
12 138 11 2 1
12 139 19 3 2
12 140 12 3 1
12 141 19 3 2
12 142 0 3 1
12 143 3 3 2
12 144 7 3 1
12 145 5 4 2
12 146 16 5 0
12 147 15 5 0
12 148 18 5 0
12 149 2 5 0
12 150 3 0 0
12 151 17 0 0
12 152 16 5 0
12 153 0 5 0
12 154 15 5 0
12 155 16 5 0
12 156 15 5 0
12 157 3 5 0
12 158 10 0 0
12 159 2 3 1
12 160 19 3 2
12 161 1 3 1
12 162 5 3 1
12 163 0 3 2
12 164 13 3 1
12 165 19 2 2
12 166 6 2 1
12 167 10 1 0
12 168 7 1 0
12 169 2 0 0
12 170 10 1 0
12 171 14 0 0
12 172 16 0 0
12 173 13 1 0
12 174 0 0 0
12 175 7 0 0
12 176 14 1 0
12 177 13 1 0
12 178 11 0 0
12 179 7 1 0
12 180 15 1 0
12 181 16 1 0
12 182 10 2 2
12 183 17 2 1
12 184 0 3 2
12 185 7 3 1
12 186 11 3 2
12 187 1 3 2
12 188 13 3 1
12 189 3 0 0
12 190 1 1 0
12 191 3 1 0
12 192 2 0 0
12 193 13 0 0
12 194 3 0 0
12 195 9 0 0
12 196 8 0 0
12 197 17 0 0
12 198 9 0 0
12 199 3 0 0
12 200 15 0 0
12 201 3 0 0
12 202 19 0 0
12 203 19 0 0
12 204 13 0 0
12 205 10 0 0
12 206 0 3 1
12 207 7 3 2
12 208 16 3 2
12 209 7 3 1
12 210 7 3 2
12 211 7 3 1
12 212 9 2 2
12 213 18 2 1
12 214 3 1 0
12 215 19 1 0
12 216 11 1 0
12 217 17 1 0
12 218 2 1 0
12 219 3 0 0
12 220 7 1 0
12 221 10 1 0
12 222 1 1 0
12 223 15 2 2
12 224 2 2 1
12 225 13 3 2
12 226 15 3 1
12 227 10 3 2
12 228 18 3 1
12 229 7 3 2
12 230 1 4 1
12 231 2 4 2
12 232 13 5 0
12 233 7 5 0
12 234 3 5 0
12 235 9 5 0
12 236 3 5 0
12 237 3 5 0
12 238 15 5 0
12 239 15 0 0
12 240 2 0 0
12 241 15 5 0
12 242 19 5 0
12 243 5 4 2
12 244 2 4 1
12 245 18 4 2
12 246 9 3 1
12 247 10 3 2
12 248 16 3 1
12 249 12 3 2
12 250 2 3 1
12 251 8 2 2
12 252 13 2 1
12 253 0 1 0
12 254 7 1 0
12 255 14 1 0
12 256 10 2 2
12 257 5 2 1
12 258 12 3 2
12 259 12 3 1
12 260 19 3 2
12 261 15 3 1
12 262 7 3 2
12 263 10 4 1
12 264 1 4 2
12 265 0 5 0
12 266 11 5 0
12 267 3 5 0
12 268 2 5 0
12 269 3 0 0
12 270 6 0 0
12 271 1 0 0
12 272 11 0 0
12 273 3 0 0
12 274 15 0 0
12 275 2 0 0
12 276 7 0 0
12 277 2 0 0
12 278 10 0 0
12 279 0 0 0
12 280 11 0 0
12 281 7 0 0
12 282 3 0 0
12 283 0 0 0
12 284 0 5 0
12 285 2 5 0
12 286 16 4 2
12 287 7 4 1
12 288 19 4 2
12 289 8 3 1
12 290 0 3 2
12 291 10 3 1
12 292 10 3 2
12 293 7 3 1
12 294 10 2 2
12 295 8 2 1
12 296 2 2 2
12 297 3 1 0
12 298 15 1 0
12 299 13 1 0
12 300 18 1 0
12 301 7 1 0
12 302 10 1 0
12 303 1 1 0
12 304 3 1 0
12 305 7 1 0
12 306 15 1 0
12 307 15 2 2
12 308 11 2 1
12 309 16 3 2
12 310 0 3 1
12 311 10 3 2
12 312 10 3 1
12 313 18 3 2
12 314 7 4 1
12 315 8 4 2
12 316 7 5 0
12 317 10 5 0
12 318 7 5 0
12 319 0 5 0
12 320 6 5 0
12 321 19 0 0
12 322 11 0 0
12 323 7 0 0
12 324 9 0 0
12 325 7 5 0
12 326 15 5 0
12 327 3 5 0
12 328 7 5 0
12 329 0 5 0
12 330 10 5 0
12 331 1 5 0
12 332 14 5 0
12 333 7 5 0
12 334 0 5 0
12 335 3 4 2
12 336 16 4 1
12 337 17 4 2
12 338 1 3 1
12 339 9 3 2
12 340 0 3 1
12 341 15 3 2
12 342 18 3 1
12 343 7 2 2
12 344 16 2 1
12 345 16 1 0
12 346 14 1 0
12 347 10 1 0
12 348 15 1 0
12 349 6 1 0
12 350 2 1 0
12 351 17 1 0
12 352 15 2 1
12 353 19 2 2
12 354 0 2 1
12 355 14 3 2
12 356 0 3 1
12 357 12 3 2
12 358 10 3 1
12 359 0 3 2
12 360 5 4 1
12 361 1 4 2
12 362 15 5 0
12 363 11 5 0
12 364 3 5 0
12 365 1 5 0
12 366 18 0 0
12 367 0 0 0
12 368 3 0 0
12 369 7 0 0
12 370 3 0 0
12 371 15 5 0
12 372 18 5 0
12 373 5 5 0
12 374 17 4 1
12 375 0 4 2
12 376 16 3 1
12 377 13 3 2
12 378 2 3 1
12 379 10 3 2
12 380 1 3 1
12 381 10 2 2
12 382 9 2 1
12 383 5 2 2
12 384 0 1 0
12 385 9 1 0
12 386 2 1 0
12 387 5 1 0
12 388 2 1 0
12 389 13 1 0
12 390 0 2 1
12 391 10 2 2
12 392 0 2 1
12 393 18 3 2
12 394 6 3 1
12 395 7 3 2
12 396 15 3 1
12 397 18 4 2
12 398 5 4 1
12 399 18 4 2
12 400 12 5 0
12 401 3 5 0
12 402 10 5 0
12 403 11 0 0
12 404 14 0 0
12 405 6 0 0
12 406 7 0 0
12 407 18 0 0
12 408 2 0 0
12 409 3 0 0
12 410 1 0 0
12 411 5 0 0
12 412 0 0 0
12 413 19 0 0
12 414 2 5 0
12 415 7 5 0
12 416 15 5 0
12 417 13 4 1
12 418 18 4 2
12 419 11 4 1
12 420 10 3 2
12 421 16 3 1
12 422 13 3 2
12 423 0 3 1
12 424 14 3 2
12 425 16 2 1
12 426 13 2 2
12 427 11 1 0
12 428 19 1 0
12 429 7 1 0
12 430 15 1 0
12 431 9 1 0
12 432 7 1 0
12 433 3 1 0
12 434 13 1 0
12 435 13 1 0
12 436 15 1 0
12 437 1 1 0
12 438 14 1 0
12 439 6 2 1
12 440 9 2 2
12 441 1 3 1
12 442 13 3 2
12 443 18 3 1
12 444 16 3 2
12 445 15 3 1
12 446 17 4 2
12 447 12 4 1
12 448 3 4 2
12 449 17 5 0
12 450 15 5 0
12 451 11 0 0
12 452 11 0 0
12 453 10 5 0
12 454 2 0 0
12 455 2 0 0
12 456 18 0 0
12 457 0 0 0
12 458 15 0 0
12 459 3 0 0
12 460 3 5 0
12 461 0 5 0
12 462 10 5 0
12 463 7 0 0
12 464 15 0 0
12 465 3 0 0
12 466 7 5 0
12 467 13 5 0
12 468 2 0 0
12 469 15 5 0
12 470 7 5 0
12 471 7 5 0
12 472 6 4 1
12 473 17 4 2
12 474 15 4 1
12 475 13 3 2
12 476 7 3 1
12 477 19 3 2
12 478 5 3 1
12 479 12 3 2
12 480 6 3 1
12 481 16 2 2
12 482 17 2 1
12 483 13 1 0
1 1 0 1 0
1 2 14 1 0
1 3 11 1 0
1 4 3 1 0
1 5 2 1 0
1 6 16 2 1
1 7 17 2 2
1 8 18 2 1
1 9 16 3 2
1 10 7 3 1
1 11 0 3 2
1 12 11 3 1
1 13 10 3 2
1 14 7 4 1
1 15 17 4 2
1 16 15 4 1
1 17 5 5 0
1 18 18 5 0
1 19 8 5 0
1 20 3 0 0
1 21 16 0 0
1 22 7 0 0
1 23 10 0 0
1 24 9 0 0
1 25 2 0 0
1 26 2 0 0
1 27 2 0 0
1 28 7 0 0
1 29 14 0 0
1 30 16 0 0
1 31 8 0 0
1 32 6 5 0
1 33 2 5 0
1 34 11 5 0
1 35 10 4 2
1 36 7 4 1
1 37 0 4 2
1 38 7 3 1
1 39 0 3 2
1 40 13 3 1
1 41 7 3 2
1 42 7 3 1
1 43 18 2 2
1 44 5 2 1
1 45 19 2 2
1 46 2 1 0
1 47 14 1 0
1 48 18 1 0
1 49 19 2 2
1 50 7 2 1
1 51 13 3 2
1 52 6 3 1
1 53 12 3 2
1 54 7 3 1
1 55 18 3 2
1 56 3 4 1
1 57 17 4 2
1 58 10 4 1
1 59 7 5 0
1 60 1 5 0
1 61 12 5 0
1 62 14 0 0
1 63 18 0 0
1 64 11 0 0
1 65 7 0 0
1 66 15 0 0
1 67 19 0 0
1 68 6 0 0
1 69 2 0 0
1 70 7 0 0
1 71 0 0 0
1 72 18 0 0
1 73 11 5 0
1 74 0 5 0
1 75 5 4 2
1 76 7 4 1
1 77 19 4 2
1 78 5 3 1
1 79 10 3 2
1 80 16 3 1
1 81 0 3 2
1 82 11 3 1
1 83 10 3 2
1 84 7 2 1
1 85 18 2 2
1 86 14 2 1
1 87 9 1 0
1 88 16 1 0
1 89 3 1 0
1 90 3 1 0
1 91 10 2 2
1 92 3 2 1
1 93 9 3 2
1 94 18 3 1
1 95 16 3 2
1 96 1 3 1
1 97 10 3 2
1 98 7 3 1
1 99 7 4 2
1 100 12 4 1
1 101 19 4 2
1 102 17 5 0
1 103 1 5 0
1 104 0 5 0
1 105 3 0 0
1 106 16 0 0
1 107 18 0 0
1 108 15 0 0
1 109 2 0 0
1 110 19 0 0
1 111 18 0 0
1 112 7 0 0
1 113 11 0 0
1 114 2 0 0
1 115 8 0 0
1 116 3 0 0
1 117 16 5 0
1 118 7 5 0
1 119 19 5 0
1 120 15 4 1
1 121 14 4 2
1 122 19 4 1
1 123 13 3 2
1 124 0 3 1
1 125 7 3 2
1 126 7 3 1
1 127 19 3 2
1 128 6 2 1
1 129 18 2 2
1 130 0 2 1
1 131 9 1 0
1 132 16 1 0
1 133 14 1 0
1 134 6 1 0
1 135 9 2 2
1 136 0 2 1
1 137 16 3 2
1 138 1 3 1
1 139 10 3 2
1 140 6 3 1
1 141 18 3 2
1 142 5 4 1
1 143 17 4 2
1 144 16 5 0
1 145 2 5 0
1 146 2 5 0
1 147 9 5 0
1 148 7 5 0
1 149 3 0 0
1 150 0 0 0
1 151 8 0 0
1 152 16 0 0
1 153 9 0 0
1 154 7 0 0
1 155 16 0 0
1 156 1 0 0
1 157 14 5 0
1 158 3 5 0
1 159 2 5 0
1 160 7 5 0
1 161 12 4 1
1 162 10 4 2
1 163 15 3 1
1 164 10 3 2
1 165 7 3 1
1 166 19 3 2
1 167 15 2 1
1 168 18 2 2
1 169 1 2 1
1 170 13 1 0
1 171 7 1 0
10 2 15 1 0
10 3 15 1 0
10 4 19 1 0
10 5 16 1 0
10 6 10 2 2
10 7 13 2 1
10 8 7 2 2
10 9 9 2 1
10 10 19 3 2
10 11 3 3 1
10 12 16 3 2
10 13 2 3 1
10 14 19 3 2
10 15 0 3 1
10 16 18 4 2
10 17 19 4 1
10 18 2 5 0
10 19 11 5 0
10 20 3 5 0
10 21 0 0 0
10 22 0 0 0
10 23 7 5 0
10 24 3 5 0
10 25 15 5 0
10 26 1 5 0
10 27 18 5 0
10 28 7 5 0
10 29 10 0 0
10 30 7 0 0
10 31 16 0 0
10 32 15 0 0
10 33 7 0 0
10 34 0 0 0
10 35 15 0 0
10 36 16 0 0
10 37 15 0 0
10 38 1 3 1
10 39 10 3 2
10 40 7 3 1
10 41 10 2 2
10 42 1 2 1
10 43 7 2 2
10 44 16 1 0
10 45 6 1 0
10 46 3 1 0
10 47 10 1 0
10 48 7 1 0
10 49 7 1 0
10 50 7 1 0
10 51 10 1 0
10 52 11 1 0
10 53 0 2 2
10 54 7 2 1
10 55 13 2 2
10 56 17 3 1
10 57 10 3 2
10 58 6 3 1
10 59 7 3 2
10 60 6 3 1
10 61 9 0 0
10 62 13 0 0
10 63 7 0 0
10 64 3 0 0
10 65 3 0 0
10 66 7 0 0
10 67 2 0 0
10 68 0 5 0
10 69 15 5 0
10 70 7 5 0
10 71 13 0 0
10 72 2 0 0
10 73 13 0 0
10 74 11 0 0
10 75 1 0 0
10 76 1 3 1
10 77 15 3 2
10 78 16 3 1
10 79 19 3 2
10 80 15 2 1
10 81 10 2 2
10 82 15 2 1
10 83 7 1 0
10 84 2 1 0
10 85 13 1 0
10 86 7 2 2
10 87 6 2 1
10 88 19 3 2
10 89 1 3 1
10 90 10 3 2
10 91 7 0 0
10 92 1 0 0
10 93 3 0 0
10 94 10 0 0
10 95 19 0 0
10 96 14 0 0
10 97 16 0 0
10 98 15 0 0
10 99 5 0 0
10 100 11 0 0
10 101 10 0 0
10 102 16 0 0
10 103 15 0 0
10 104 18 0 0
10 105 3 0 0
10 106 10 0 0
10 107 13 0 0
10 108 15 0 0
10 109 0 0 0
10 110 16 0 0
10 111 7 0 0
10 112 9 0 0
10 113 7 0 0
10 114 14 0 0
10 115 13 0 0
10 116 12 5 0
10 117 7 5 0
10 118 13 5 0
10 119 1 5 0
10 120 2 5 0
10 121 17 5 0
10 122 0 5 0
10 123 0 5 0
10 124 7 5 0
10 125 5 5 0
10 126 7 5 0
10 127 0 5 0
10 128 3 5 0
10 129 3 5 0
10 130 2 5 0
10 131 7 5 0
10 132 9 0 0
10 133 1 0 0
10 134 0 5 0
10 135 2 5 0
10 136 2 5 0
10 137 10 3 1
10 138 9 3 2
10 139 15 3 1
10 140 18 3 2
10 141 18 3 1
10 142 16 1 0
10 143 14 1 0
10 144 2 1 0
10 145 13 1 0
10 146 7 1 0
10 147 7 1 0
10 148 13 2 2
10 149 2 2 1
10 150 0 3 2
10 151 7 3 1
10 152 13 3 2
10 153 7 3 1
10 154 18 3 2
10 155 0 4 1
10 156 13 5 0
10 157 3 5 0
10 158 6 5 0
10 159 11 5 0
10 160 5 5 0
10 161 16 0 0
10 162 9 0 0
10 163 7 0 0
10 164 16 0 0
10 165 0 0 0
10 166 3 0 0
10 167 15 5 0
10 168 19 5 0
10 169 7 5 0
10 170 1 5 0
10 171 18 4 1
10 172 9 4 2
10 173 7 3 1
10 174 7 3 2
10 175 18 3 1
10 176 19 3 2
10 177 0 3 1
10 178 18 2 2
10 179 3 2 1
10 180 2 1 0
10 181 7 1 0
10 182 14 1 0
10 183 10 2 2
10 184 15 2 1
10 185 0 3 2
10 186 15 3 1
10 187 10 3 2
10 188 7 3 1
10 189 10 3 2
10 190 0 4 1
10 191 5 4 2
10 192 5 4 1
10 193 11 5 0
10 194 16 5 0
10 195 0 0 0
10 196 19 0 0
10 197 7 0 0
10 198 7 0 0
10 199 10 0 0
10 200 0 0 0
10 201 16 0 0
10 202 3 5 0
10 203 1 5 0
10 204 3 4 2
10 205 6 4 1
10 206 9 4 2
10 207 16 3 1
10 208 10 3 2
10 209 7 3 1
10 210 0 3 2
10 211 15 2 1
10 212 18 2 2
10 213 2 2 1
10 214 13 1 0
10 215 7 1 0
10 216 19 1 0
10 217 0 1 0
10 218 11 2 1
10 219 10 2 2
10 220 15 3 1
10 221 7 3 2
10 222 10 3 1
10 223 10 3 2
10 224 5 4 1
10 225 5 4 2
10 226 16 4 1
10 227 11 5 0
10 228 13 5 0
10 229 11 0 0
10 230 1 0 0
10 231 3 0 0
10 232 9 0 0
10 233 7 0 0
10 234 7 0 0
10 235 3 0 0
10 236 9 0 0
10 237 11 5 0
10 238 16 5 0
10 239 2 4 2
10 240 15 4 1
10 241 18 3 2
10 242 12 3 1
10 243 10 3 2
10 244 7 3 1
10 245 0 3 2
10 246 15 2 1
10 247 0 2 2
10 248 14 1 0
10 249 19 1 0
10 250 7 1 0
10 251 7 1 0
10 252 19 1 0
10 253 7 1 0
10 254 6 2 1
10 255 19 2 2
10 256 11 3 1
10 257 10 3 2
10 258 5 3 1
10 259 18 3 2
10 260 0 3 1
10 261 10 4 2
10 262 18 4 1
10 263 3 5 0
10 264 5 5 0
10 265 11 5 0
10 266 0 0 0
10 267 9 0 0
10 268 3 0 0
10 269 15 5 0
10 270 11 5 0
10 271 0 5 0
10 272 8 4 2
10 273 5 4 1
10 274 9 3 2
10 275 16 3 1
10 276 10 3 2
10 277 7 3 1
10 278 18 2 2
10 279 19 2 1
10 280 8 2 2
10 281 2 1 0
10 282 10 1 0
10 283 15 1 0
10 284 11 1 0
10 285 1 1 0
10 286 16 2 2
10 287 0 2 1
10 288 10 2 2
10 289 18 3 1
10 290 7 3 2
10 291 2 3 1
10 292 10 3 2
10 293 0 3 1
10 294 13 4 2
10 295 10 4 1
10 296 11 4 2
10 297 2 5 0
10 298 11 5 0
10 299 3 0 0
10 300 0 0 0
10 301 15 5 0
10 302 16 5 0
10 303 10 5 0
10 304 7 5 0
10 305 10 5 0
10 306 5 5 0
10 307 0 5 0
10 308 11 5 0
10 309 7 5 0
10 310 19 5 0
10 311 18 5 0
10 312 0 5 0
10 313 7 5 0
10 314 7 5 0
10 315 19 5 0
10 316 5 0 0
10 317 0 0 0
10 318 7 0 0
10 319 6 5 0
10 320 15 5 0
10 321 5 4 1
10 322 16 4 2
10 323 7 4 1
10 324 19 3 2
10 325 5 3 1
10 326 19 3 2
10 327 7 3 1
10 328 9 3 2
10 329 1 2 1
10 330 8 2 2
10 331 0 2 1
10 332 13 2 2
17 1 6 0 0
17 2 2 0 0
17 3 10 0 0
17 4 12 0 0
17 5 5 0 0
17 6 19 0 0
17 7 18 0 0
17 8 5 0 0
17 9 5 0 0
17 10 0 0 0
17 11 1 0 0
17 12 10 0 0
17 13 15 0 0
17 14 2 0 0
17 15 14 0 0
17 16 6 0 0
17 17 10 0 0
17 18 1 0 0
17 19 11 0 0
17 20 15 0 0
17 21 0 0 0
17 22 0 0 0
17 23 3 0 0
17 24 1 0 0
17 25 3 0 0
17 26 0 0 0
17 27 0 0 0
17 28 13 0 0
17 29 6 0 0
17 30 11 0 0
17 31 9 0 0
17 32 2 5 0
17 33 6 5 0
17 34 0 5 0
17 35 1 5 0
17 36 15 5 0
17 37 14 5 0
17 38 10 5 0
17 39 10 5 0
17 40 14 0 0
17 41 5 3 1
17 42 10 3 2
17 43 7 3 1
17 44 10 3 2
17 45 7 3 1
17 46 0 3 2
17 47 3 3 1
17 48 18 2 2
17 49 16 2 1
17 50 18 2 2
17 51 15 1 0
17 52 2 1 0
17 53 7 1 0
17 54 18 1 0
17 55 1 1 0
17 56 3 0 0
17 57 0 0 0
17 58 2 0 0
17 59 7 0 0
17 60 9 0 0
17 61 2 1 0
17 62 15 1 0
17 63 2 1 0
17 64 0 1 0
17 65 16 2 2
17 66 15 2 1
17 67 0 2 2
17 68 15 3 1
17 69 10 3 2
17 70 5 3 1
17 71 10 3 2
17 72 16 3 1
17 73 5 3 2
17 74 15 3 1
17 75 9 3 2
17 76 13 4 2
17 77 3 5 0
17 78 12 5 0
17 79 15 5 0
17 80 11 5 0
17 81 17 5 0
17 82 1 5 0
17 83 0 5 0
17 84 10 5 0
17 85 16 0 0
17 86 10 0 0
17 87 5 0 0
17 88 6 0 0
17 89 11 0 0
17 90 0 0 0
17 91 0 0 0
17 92 7 0 0
17 93 9 0 0
17 94 5 0 0
17 95 3 0 0
17 96 19 0 0
17 97 16 0 0
17 98 18 0 0
17 99 5 0 0
17 100 16 0 0
17 101 3 0 0
17 102 5 0 0
17 103 5 0 0
17 104 16 0 0
17 105 10 0 0
17 106 9 0 0
17 107 10 0 0
17 108 2 0 0
17 109 16 0 0
17 110 0 0 0
17 111 16 0 0
17 112 0 0 0
17 113 18 0 0
17 114 13 0 0
17 115 2 0 0
17 116 19 0 0
17 117 10 0 0
17 118 2 0 0
17 119 0 0 0
17 120 9 0 0
17 121 3 0 0
17 122 19 0 0
17 123 10 0 0
17 124 15 0 0
17 125 18 0 0
17 126 16 0 0
17 127 5 0 0
17 128 0 0 0
17 129 5 0 0
17 130 11 0 0
17 131 6 0 0
17 132 0 0 0
17 133 9 0 0
17 134 18 0 0
17 135 1 0 0
17 136 5 0 0
17 137 10 0 0
17 138 3 0 0
17 139 5 0 0
17 140 16 0 0
17 141 16 0 0
17 142 5 0 0
17 143 1 0 0
17 144 13 0 0
17 145 2 0 0
17 146 19 0 0
17 147 7 0 0
17 148 10 0 0
17 149 19 0 0
17 150 0 0 0
17 151 9 0 0
17 152 16 0 0
17 153 3 0 0
17 154 19 0 0
17 155 5 0 0
17 156 2 0 0
17 157 0 0 0
17 158 1 0 0
17 159 0 0 0
17 160 5 0 0
17 161 18 0 0
17 162 3 0 0
17 163 16 0 0
17 164 19 0 0
17 165 10 0 0
17 166 0 0 0
17 167 2 0 0
17 168 6 0 0
17 169 10 0 0
17 170 16 0 0
17 171 0 0 0
17 172 1 0 0
17 173 2 0 0
17 174 2 0 0
17 175 10 0 0
17 176 3 0 0
17 177 2 0 0
17 178 0 0 0
17 179 19 0 0
17 180 6 0 0
17 181 5 0 0
17 182 10 0 0
17 183 1 0 0
17 184 5 0 0
17 185 9 0 0
17 186 16 0 0
17 187 7 0 0
17 188 2 0 0
17 189 18 0 0
17 190 18 0 0
17 191 14 0 0
17 192 6 0 0
17 193 10 0 0
17 194 0 0 0
17 195 0 0 0
17 196 10 0 0
17 197 2 0 0
17 198 19 0 0
17 199 6 0 0
17 200 2 0 0
17 201 13 0 0
17 202 11 0 0
17 203 16 0 0
17 204 3 0 0
17 205 11 0 0
17 206 14 0 0
17 207 5 0 0
17 208 14 0 0
17 209 19 0 0
17 210 2 0 0
17 211 0 0 0
17 212 10 0 0
17 213 10 0 0
17 214 11 0 0
17 215 6 0 0
17 216 0 0 0
17 217 6 0 0
17 218 11 0 0
17 219 1 0 0
17 220 2 0 0
17 221 10 0 0
17 222 15 0 0
17 223 10 0 0
17 224 10 0 0
17 225 5 0 0
17 226 0 0 0
17 227 1 0 0
17 228 10 0 0
17 229 15 0 0
17 230 5 0 0
17 231 3 0 0
17 232 10 0 0
17 233 0 0 0
17 234 1 0 0
17 235 6 0 0
17 236 5 0 0
17 237 9 0 0
17 238 1 5 0
17 239 5 5 0
17 240 0 5 0
17 241 5 5 0
17 242 3 5 0
17 243 7 5 0
17 244 8 5 0
17 245 10 5 0
17 246 14 0 0
17 247 16 3 1
17 248 10 3 2
17 249 3 3 1
17 250 10 3 2
17 251 16 3 1
17 252 0 3 2
17 253 15 3 1
17 254 16 2 2
17 255 7 2 1
17 256 9 2 2
17 257 15 1 0
17 258 3 1 0
17 259 16 1 0
17 260 15 1 0
17 261 18 0 0
17 262 15 0 0
17 263 7 0 0
17 264 15 0 0
17 265 11 0 0
17 266 16 0 0
17 267 1 0 0
17 268 7 0 0
17 269 0 0 0
17 270 0 0 0
17 271 7 0 0
17 272 16 0 0
17 273 5 0 0
17 274 18 0 0
17 275 3 0 0
17 276 3 0 0
17 277 15 0 0
17 278 2 1 0
17 279 12 1 0
17 280 7 1 0
17 281 5 2 1
17 282 2 2 2
17 283 11 2 1
17 284 19 2 2
17 285 7 3 1
17 286 10 3 2
17 287 15 3 1
17 288 13 3 2
17 289 15 3 1
17 290 10 3 2
17 291 14 3 1
17 292 9 3 2
17 293 18 4 2
17 294 5 5 0
17 295 7 5 0
17 296 7 5 0
17 297 12 5 0
17 298 19 5 0
17 299 2 5 0
17 300 15 5 0
17 301 5 5 0
17 302 19 0 0
17 303 11 0 0
17 304 5 0 0
17 305 0 0 0
17 306 5 0 0
17 307 18 0 0
17 308 2 0 0
17 309 13 0 0
17 310 19 0 0
17 311 7 0 0
17 312 0 0 0
17 313 15 0 0
17 314 6 0 0
17 315 5 0 0
17 316 10 0 0
17 317 6 0 0
17 318 15 0 0
17 319 0 0 0
17 320 8 0 0
17 321 1 0 0
17 322 15 0 0
17 323 19 0 0
17 324 19 0 0
17 325 5 0 0
17 326 16 0 0
17 327 19 0 0
17 328 1 0 0
17 329 15 0 0
17 330 15 0 0
17 331 13 0 0
17 332 2 0 0
17 333 2 0 0
17 334 9 0 0
17 335 2 0 0
17 336 0 0 0
17 337 15 0 0
17 338 9 0 0
17 339 15 0 0
17 340 15 0 0
17 341 9 0 0
17 342 2 0 0
17 343 0 0 0
17 344 18 0 0
17 345 11 0 0
17 346 5 0 0
17 347 0 0 0
17 348 19 0 0
17 349 19 0 0
17 350 15 0 0
17 351 0 0 0
17 352 5 0 0
17 353 15 0 0
17 354 15 0 0
17 355 10 0 0
17 356 3 0 0
17 357 0 0 0
17 358 12 0 0
17 359 6 0 0
17 360 0 0 0
17 361 7 0 0
17 362 18 0 0
17 363 15 0 0
17 364 19 0 0
17 365 7 0 0
17 366 16 0 0
17 367 1 0 0
17 368 16 0 0
17 369 9 0 0
17 370 19 0 0
17 371 3 0 0
17 372 19 0 0
17 373 10 0 0
17 374 3 0 0
17 375 0 0 0
17 376 16 0 0
17 377 16 0 0
17 378 16 0 0
17 379 10 0 0
17 380 18 0 0
17 381 2 0 0
17 382 0 0 0
17 383 11 0 0
17 384 5 0 0
17 385 6 0 0
17 386 10 0 0
17 387 0 0 0
17 388 2 0 0
17 389 0 0 0
17 390 1 0 0
17 391 18 0 0
17 392 2 0 0
17 393 18 0 0
17 394 10 0 0
17 395 9 0 0
17 396 2 0 0
17 397 5 0 0
17 398 10 0 0
17 399 2 0 0
17 400 9 0 0
17 401 11 0 0
17 402 15 0 0
17 403 0 0 0
17 404 10 0 0
17 405 7 0 0
17 406 16 0 0
17 407 10 0 0
17 408 2 0 0
17 409 6 0 0
17 410 5 0 0
17 411 3 0 0
17 412 10 0 0
17 413 10 0 0
17 414 0 0 0
17 415 10 0 0
17 416 2 0 0
17 417 2 0 0
17 418 0 0 0
17 419 10 0 0
17 420 15 0 0
17 421 11 0 0
17 422 14 0 0
17 423 19 0 0
17 424 15 0 0
17 425 16 0 0
17 426 2 0 0
17 427 14 0 0
17 428 6 0 0
13 149 7 1 0
13 150 15 1 0
13 151 7 1 0
13 152 6 1 0
13 153 17 1 0
13 154 8 2 1
13 155 7 2 2
13 156 15 3 1
13 157 17 3 2
13 158 3 3 1
13 159 0 3 2
13 160 18 3 1
13 161 13 4 2
13 162 2 5 0
13 163 0 5 0
13 164 14 5 0
13 165 6 5 0
13 166 8 5 0
13 167 11 5 0
13 168 6 0 0
13 169 6 5 0
13 170 7 5 0
13 171 0 5 0
13 172 16 4 1
13 173 11 4 2
13 174 1 4 1
13 175 16 3 2
13 176 2 3 1
13 177 13 3 2
13 178 15 3 1
13 179 10 3 2
13 180 16 2 1
13 181 7 2 2
13 182 14 2 2
13 183 10 1 0
13 184 7 1 0
13 185 3 1 0
13 186 6 1 0
13 187 13 2 2
13 188 15 2 1
13 189 13 3 2
13 190 1 3 1
13 191 10 3 2
13 192 18 3 1
13 193 7 3 2
13 194 2 3 1
13 195 10 4 2
13 196 3 4 1
13 197 11 5 0
13 198 16 5 0
13 199 5 5 0
13 200 0 0 0
13 201 3 0 0
13 202 0 0 0
13 203 17 0 0
13 204 3 0 0
13 205 9 0 0
13 206 2 0 0
13 207 5 0 0
13 208 7 0 0
13 209 8 0 0
13 210 5 0 0
13 211 15 0 0
13 212 0 0 0
13 213 1 0 0
13 214 0 0 0
13 215 7 0 0
13 216 16 0 0
13 217 18 0 0
13 218 0 0 0
13 219 16 0 0
13 220 16 0 0
13 221 10 0 0
13 222 14 0 0
13 223 0 0 0
13 224 7 0 0
13 225 1 0 0
13 226 6 0 0
13 227 7 5 0
13 228 19 5 0
13 229 9 5 0
13 230 2 4 1
13 231 11 4 2
13 232 3 4 1
13 233 9 3 2
13 234 2 3 1
13 235 7 3 2
13 236 19 3 1
13 237 19 3 2
13 238 1 3 1
13 239 17 2 2
13 240 3 1 0
13 241 13 1 0
13 242 0 1 0
13 243 14 1 0
13 244 10 1 0
13 245 5 2 2
13 246 15 2 1
13 247 10 3 2
13 248 6 3 1
13 249 10 3 2
13 250 6 3 1
13 251 0 3 2
13 252 7 4 1
13 253 18 4 2
13 254 15 4 1
13 255 1 5 0
13 256 5 5 0
13 257 7 5 0
13 258 2 0 0
13 259 10 0 0
13 260 18 0 0
13 261 0 0 0
13 262 7 0 0
13 263 3 0 0
13 264 16 0 0
13 265 5 0 0
13 266 2 0 0
13 267 16 0 0
13 268 2 0 0
13 269 15 0 0
13 270 3 0 0
13 271 15 0 0
13 272 18 0 0
13 273 16 0 0
13 274 1 0 0
13 275 15 0 0
13 276 11 0 0
13 277 18 0 0
13 278 7 0 0
13 279 3 0 0
13 280 6 0 0
13 281 16 0 0
13 282 2 0 0
13 283 1 0 0
13 284 10 5 0
13 285 18 5 0
13 286 1 5 0
13 287 5 4 2
13 288 2 4 1
13 289 18 4 2
13 290 0 3 1
13 291 10 3 2
13 292 16 3 1
13 293 17 3 2
13 294 2 3 1
13 295 7 2 2
13 296 7 2 1
13 297 17 1 0
13 298 3 1 0
13 299 2 1 0
13 300 7 1 0
13 301 19 1 0
13 302 16 2 1
13 303 16 3 2
13 304 15 3 1
13 305 2 3 2
13 306 17 3 1
13 307 19 3 2
13 308 5 4 1
13 309 18 4 2
13 310 6 4 1
13 311 8 5 0
13 312 16 5 0
13 313 1 0 0
13 314 2 0 0
13 315 15 0 0
13 316 1 0 0
13 317 9 0 0
13 318 14 0 0
13 319 6 0 0
13 320 7 0 0
13 321 10 0 0
13 322 0 0 0
13 323 7 0 0
13 335 5 0 0
13 336 3 0 0
13 337 13 0 0
13 338 19 0 0
13 339 3 0 0
13 340 9 0 0
13 341 3 0 0
13 342 10 0 0
13 343 3 5 0
13 344 3 5 0
13 345 19 5 0
13 346 12 5 0
13 347 10 5 0
13 348 8 3 1
13 349 15 3 2
13 350 6 3 1
13 351 19 3 2
13 352 2 2 1
13 353 10 2 2
13 354 14 2 1
13 355 9 2 2
13 356 3 1 0
13 357 13 1 0
13 358 10 1 0
13 359 19 1 0
13 360 2 1 0
13 361 5 2 2
13 362 16 2 1
13 363 10 3 2
13 364 16 3 1
13 365 10 3 2
13 366 7 3 1
13 367 16 3 2
13 368 6 4 1
13 369 17 4 2
13 370 2 4 1
13 371 5 5 0
13 372 5 5 0
13 373 1 0 0
13 374 12 0 0
13 375 11 0 0
13 376 3 0 0
13 377 10 0 0
13 378 15 0 0
13 379 15 0 0
13 380 2 0 0
13 381 16 0 0
13 382 5 0 0
13 383 0 0 0
13 400 3 0 0
13 401 1 0 0
13 402 15 0 0
13 403 14 0 0
13 404 18 0 0
13 405 15 0 0
13 406 11 0 0
13 407 0 0 0
13 408 6 5 0
13 409 9 5 0
13 410 13 4 2
13 411 15 4 1
13 412 10 4 2
13 413 13 3 1
13 414 0 3 2
13 415 6 3 1
13 416 2 3 2
13 417 2 2 1
13 418 12 1 0
13 419 6 1 0
13 420 10 1 0
13 421 16 1 0
13 422 3 1 0
13 423 15 1 0
13 424 16 2 2
13 425 9 2 1
13 426 19 3 2
13 427 16 3 1
13 428 14 3 2
13 429 7 3 1
13 430 10 3 2
13 431 1 4 1
13 432 13 4 2
13 433 3 4 1
13 434 8 5 0
13 435 8 5 0
13 436 15 0 0
13 437 9 0 0
13 438 19 0 0
13 439 7 0 0
13 440 2 5 0
13 441 2 5 0
13 442 17 4 2
13 443 15 4 1
13 444 14 4 2
13 445 0 3 1
13 446 10 3 2
13 447 2 3 1
13 448 9 3 2
13 449 15 3 1
13 450 5 2 2
13 451 7 1 0
13 452 10 1 0
13 453 7 1 0
13 454 3 1 0
13 455 3 1 0
13 456 13 2 2
13 457 16 2 1
13 458 10 3 2
13 459 11 3 1
13 460 12 3 2
13 461 7 3 1
13 462 9 3 2
13 463 0 4 1
13 464 1 4 2
13 465 0 4 1
13 466 18 5 0
13 467 11 5 0
13 468 0 5 0
13 469 14 0 0
13 470 15 0 0
13 471 10 0 0
13 472 18 0 0
13 473 5 0 0
13 474 16 0 0
13 475 2 0 0
13 476 14 0 0
13 477 2 0 0
13 478 18 0 0
13 479 9 0 0
13 480 10 0 0
13 481 18 0 0
13 482 15 0 0
13 483 11 0 0
13 484 7 0 0
13 485 5 0 0
13 493 7 0 0
13 494 4 0 0
13 495 18 0 0
13 496 10 0 0
13 497 5 0 0
13 498 7 0 0
13 499 2 0 0
13 500 3 0 0
13 501 3 0 0
13 502 10 0 0
13 503 11 0 0
13 504 0 0 0
13 505 6 5 0
13 506 16 5 0
13 507 15 5 0
13 508 9 4 2
13 509 2 4 1
13 510 11 4 2
13 511 6 3 1
13 512 9 3 2
13 513 7 3 1
13 514 10 3 2
13 515 6 3 1
13 516 13 2 2
13 517 11 2 1
13 518 1 1 0
13 519 3 1 0
13 520 7 1 0
13 521 17 2 2
13 522 10 2 1
13 523 0 3 2
13 524 7 3 1
13 525 19 3 2
13 526 16 3 1
13 527 17 3 2
13 528 13 4 1
13 529 1 4 2
13 530 2 5 0
13 531 3 5 0
13 532 18 5 0
13 533 1 0 0
13 534 2 0 0
13 535 11 0 0
13 536 9 0 0
13 537 6 0 0
13 538 0 0 0
13 539 7 0 0
13 540 18 0 0
13 541 19 0 0
13 542 0 0 0
13 543 19 0 0
13 544 7 0 0
13 545 5 0 0
13 546 2 0 0
13 547 0 0 0
13 548 19 0 0
13 549 7 0 0
13 550 16 0 0
13 551 3 0 0
13 552 10 0 0
13 553 18 0 0
13 554 5 0 0
13 555 17 0 0
13 556 3 0 0
13 557 2 0 0
13 558 19 0 0
13 559 14 0 0
13 560 11 0 0
13 561 0 0 0
13 562 19 5 0
13 563 19 5 0
13 564 6 4 2
13 565 7 4 1
13 566 10 4 2
13 567 6 3 1
13 568 7 3 2
13 569 15 3 1
13 570 10 3 2
13 571 2 2 1
13 572 19 1 0
13 573 14 1 0
13 574 19 1 0
13 575 15 1 0
13 576 6 1 0
13 577 16 1 0
13 578 19 1 0
13 579 12 1 0
13 580 17 3 2
13 581 16 3 1
13 582 2 3 2
13 583 2 3 1
13 584 9 3 2
13 585 16 4 1
13 586 18 4 2
13 587 12 4 1
13 588 10 5 0
13 589 11 5 0
13 590 15 5 0
13 591 6 0 0
13 592 2 0 0
13 593 11 0 0
13 594 16 0 0
13 595 16 0 0
13 596 7 0 0
13 597 3 0 0
13 598 1 0 0
13 599 10 0 0
13 600 15 0 0
13 601 9 0 0
13 602 9 5 0
13 603 14 5 0
13 604 6 5 0
13 605 18 4 2
13 606 16 4 1
13 607 10 3 2
13 608 2 3 1
13 609 15 3 2
13 610 16 3 1
13 611 10 3 2
13 612 15 2 1
13 613 17 2 2
13 614 5 2 1
13 615 0 1 0
13 616 1 1 0
13 617 6 1 0
13 618 3 1 0
13 619 10 2 2
13 620 15 2 1
13 621 12 3 2
13 622 5 3 1
13 623 16 3 2
13 624 16 3 1
13 625 13 3 2
13 626 16 4 1
13 627 17 4 2
13 628 18 4 1
13 629 7 5 0
13 630 11 5 0
13 631 5 5 0
13 632 5 0 0
13 633 14 0 0
13 634 11 0 0
13 635 11 0 0
13 636 18 0 0
13 637 2 0 0
13 638 18 0 0
13 639 11 0 0
13 640 7 0 0
13 641 5 0 0
13 642 14 0 0
13 643 0 0 0
13 644 19 0 0
13 645 7 0 0
13 646 14 0 0
13 647 6 0 0
13 648 16 0 0
13 649 11 0 0
13 650 6 0 0
13 651 9 0 0
13 652 15 5 0
13 653 14 5 0
13 654 18 5 0
13 655 15 4 2
13 656 9 4 1
13 657 19 3 2
13 658 7 3 1
13 659 10 3 2
13 660 15 3 1
13 661 0 3 2
13 662 16 3 1
13 663 17 2 2
13 664 3 2 1
13 665 19 1 0
13 666 16 1 0
13 667 11 1 0
13 668 2 1 0
13 669 19 2 2
13 670 15 2 1
13 671 10 3 2
13 672 16 3 1
13 673 7 3 2
13 674 7 3 1
13 675 19 3 2
13 676 3 4 1
13 677 2 4 1
13 678 10 4 2
13 679 13 4 2
13 680 3 4 2
13 681 11 5 0
13 682 1 5 0
13 683 10 0 0
13 684 17 0 0
13 685 1 0 0
13 686 0 0 0
13 687 7 0 0
13 688 2 0 0
13 689 0 0 0
13 690 5 0 0
13 691 16 0 0
13 692 16 0 0
13 693 7 0 0
13 694 3 0 0
13 695 10 0 0
13 696 0 0 0
13 697 7 0 0
13 698 0 0 0
13 699 2 0 0
13 700 18 0 0
13 701 9 0 0
13 702 0 0 0
13 703 7 0 0
13 704 0 0 0
13 705 7 0 0
13 706 0 0 0
13 707 18 0 0
13 708 16 0 0
13 709 18 0 0
13 710 2 0 0
13 711 6 5 0
13 712 14 5 0
13 713 7 5 0
13 714 1 5 0
13 715 16 4 1
13 716 17 4 2
13 717 18 3 1
13 718 12 3 2
13 719 15 3 1
13 720 19 3 2
13 721 2 3 1
13 722 16 3 2
13 723 8 2 1
13 724 13 2 2
5 1 15 1 0
5 2 16 1 0
5 3 6 1 0
5 4 16 1 0
5 5 10 1 0
5 6 15 1 0
5 7 13 1 0
5 8 16 1 0
5 9 14 1 0
5 10 3 1 0
5 11 2 1 0
5 12 9 2 2
5 13 2 2 1
5 14 0 3 2
5 15 3 3 1
5 16 9 3 2
5 17 15 3 1
5 18 10 3 2
5 19 7 3 1
5 20 16 4 2
5 21 10 4 1
5 22 15 5 0
5 23 7 5 0
5 24 11 0 0
5 25 16 0 0
5 26 11 0 0
5 27 6 0 0
5 28 1 0 0
5 29 19 0 0
5 30 18 0 0
5 31 10 0 0
5 32 0 0 0
5 33 6 0 0
5 34 6 0 0
5 35 7 0 0
5 36 7 0 0
5 37 1 0 0
5 38 11 0 0
5 39 19 0 0
5 40 15 0 0
5 41 5 0 0
5 42 10 0 0
5 43 3 0 0
5 44 17 0 0
5 45 11 0 0
5 46 13 5 0
5 47 2 5 0
5 48 2 5 0
5 49 0 5 0
5 50 0 4 2
5 51 9 4 1
5 52 9 3 2
5 53 11 3 1
5 54 7 3 2
5 55 0 3 1
5 56 9 3 2
5 57 2 3 1
5 58 17 3 2
5 59 3 1 0
5 60 10 1 0
5 61 12 1 0
5 62 14 1 0
5 63 5 1 0
5 64 9 3 2
5 65 15 3 1
5 66 9 3 2
5 67 7 3 1
5 68 0 3 2
5 69 0 3 1
5 70 7 4 2
5 71 17 4 1
5 72 16 4 2
5 73 16 4 1
5 74 10 5 0
5 75 7 5 0
5 76 15 5 0
5 77 1 5 0
5 78 7 0 0
5 79 7 0 0
5 80 2 0 0
5 81 12 0 0
5 82 19 0 0
5 83 3 0 0
5 84 5 0 0
5 85 3 0 0
5 86 17 0 0
5 87 12 0 0
5 88 3 0 0
5 89 15 0 0
5 90 15 0 0
5 91 2 0 0
5 92 14 0 0
5 93 7 0 0
5 94 16 0 0
5 95 17 0 0
5 96 16 0 0
5 97 3 0 0
5 98 6 0 0
5 99 0 0 0
5 100 1 0 0
5 101 8 0 0
5 102 14 0 0
5 103 3 0 0
5 104 16 0 0
5 105 5 0 0
5 106 10 0 0
5 107 2 0 0
5 108 18 5 0
5 109 0 5 0
5 110 2 5 0
5 111 6 4 1
5 112 13 4 2
5 113 3 4 1
5 114 10 3 2
5 115 2 3 1
5 116 9 3 2
5 117 11 3 1
5 118 7 3 2
5 119 17 2 1
5 120 10 2 2
5 121 10 2 1
5 122 2 2 2
5 123 6 1 0
5 124 14 1 0
5 125 2 1 0
5 126 18 2 2
5 127 1 2 1
5 128 10 3 2
5 129 7 3 1
5 130 10 3 2
5 131 12 3 1
5 132 0 3 2
5 133 7 4 1
5 134 18 4 2
5 135 5 4 1
5 136 6 5 0
5 137 15 5 0
5 138 1 5 0
5 139 18 5 0
5 140 15 0 0
5 141 13 0 0
5 142 16 0 0
5 143 0 0 0
5 144 1 0 0
5 145 7 0 0
5 146 7 0 0
5 147 15 0 0
5 148 18 0 0
5 149 9 0 0
5 150 18 0 0
5 151 15 0 0
5 152 15 0 0
5 153 6 0 0
5 154 6 0 0
5 155 7 0 0
5 156 13 0 0
5 157 1 0 0
5 158 3 0 0
5 159 3 0 0
5 160 9 0 0
5 161 7 0 0
5 162 15 0 0
5 163 13 0 0
5 164 14 0 0
5 165 2 0 0
5 166 7 0 0
5 167 6 0 0
5 168 1 0 0
5 169 0 0 0
5 170 9 0 0
5 171 7 0 0
5 172 18 0 0
5 173 11 0 0
5 174 5 0 0
5 175 1 0 0
5 176 13 5 0
5 177 11 5 0
5 178 12 5 0
5 179 14 4 2
5 180 18 4 1
5 181 9 4 2
5 182 7 3 1
5 183 10 3 2
5 184 16 3 1
5 185 7 3 2
5 186 15 2 1
5 187 18 2 2
5 188 1 2 1
5 189 18 1 0
5 190 6 1 0
5 191 3 1 0
5 192 13 2 2
5 193 6 2 1
5 194 10 3 2
5 195 7 3 1
5 196 7 3 2
5 197 16 3 1
5 198 13 3 2
5 199 11 4 1
5 200 18 4 2
5 201 15 4 1
5 202 7 5 0
5 203 17 5 0
5 204 19 5 0
5 205 6 0 0
5 206 15 0 0
5 207 15 0 0
5 208 3 0 0
5 209 2 0 0
5 210 3 0 0
5 211 6 0 0
5 212 8 0 0
5 213 18 0 0
5 214 3 0 0
5 215 14 0 0
5 216 11 0 0
5 217 7 0 0
5 218 1 0 0
5 219 9 0 0
5 220 16 0 0
5 221 18 0 0
5 222 1 0 0
5 223 15 0 0
5 224 11 0 0
5 225 19 0 0
5 226 11 0 0
5 227 3 0 0
5 228 5 0 0
5 229 2 5 0
5 230 18 5 0
5 231 18 4 2
5 232 15 4 1
5 233 19 4 2
5 234 0 3 1
5 235 19 3 2
5 236 2 3 1
5 237 0 3 2
5 238 7 2 1
5 239 18 2 2
5 240 18 2 1
5 241 19 1 0
5 242 16 1 0
5 243 14 1 0
5 244 2 1 0
5 245 0 2 2
5 246 11 2 1
5 247 19 2 2
5 248 18 3 1
5 249 19 3 2
5 250 6 3 1
5 251 7 3 2
5 252 0 4 1
5 253 17 4 2
5 254 2 4 1
5 255 1 5 0
5 256 19 5 0
5 257 16 0 0
5 258 2 0 0
5 259 11 0 0
5 260 11 0 0
5 261 7 0 0
5 262 2 0 0
5 263 16 0 0
5 264 15 0 0
5 265 10 0 0
5 266 18 0 0
5 267 3 0 0
5 268 8 0 0
5 269 2 0 0
5 270 2 0 0
5 271 2 0 0
5 272 16 0 0
5 273 15 0 0
5 274 3 0 0
5 275 18 0 0
5 276 15 0 0
5 277 11 0 0
5 278 2 0 0
5 279 7 0 0
5 280 0 0 0
5 281 7 0 0
5 282 9 0 0
5 283 6 0 0
5 284 2 0 0
5 285 18 5 0
5 286 2 5 0
5 287 13 4 2
5 288 9 4 1
5 289 16 3 2
5 290 16 3 1
5 291 0 3 2
5 292 7 3 1
5 293 10 3 2
5 294 11 2 1
5 295 18 2 2
5 296 16 2 1
5 297 13 1 0
4 5 5 1 0
4 6 16 1 0
4 7 0 1 0
4 8 2 1 0
4 9 6 2 1
4 10 13 3 2
4 11 16 3 1
4 12 19 3 2
4 13 8 3 1
4 14 16 3 2
4 15 3 4 1
4 16 10 4 2
4 17 15 4 1
4 18 15 5 0
4 19 9 5 0
4 20 15 0 0
4 21 15 0 0
4 22 16 0 0
4 23 1 0 0
4 24 0 0 0
4 25 13 0 0
4 26 10 0 0
4 27 11 0 0
4 28 6 0 0
4 29 11 0 0
4 30 8 0 0
4 31 11 0 0
4 32 0 5 0
4 33 0 5 0
4 34 11 4 2
4 35 8 4 1
4 36 9 4 2
4 37 7 3 1
4 38 19 3 2
4 39 1 3 1
4 40 0 3 2
4 41 3 2 1
4 42 9 2 2
4 43 14 2 1
4 44 13 1 0
4 45 3 1 0
4 46 0 1 0
4 47 2 1 0
4 48 5 2 2
4 49 7 2 1
4 50 9 3 2
4 51 1 3 1
4 52 10 3 2
4 53 6 3 1
4 54 0 3 2
4 55 7 4 1
4 56 13 4 2
4 57 7 4 1
4 58 1 5 0
4 59 15 5 0
4 60 11 0 0
4 61 11 0 0
4 62 2 0 0
4 63 9 0 0
4 64 9 0 0
4 65 2 0 0
4 66 10 0 0
4 67 6 0 0
4 68 16 0 0
4 69 3 0 0
4 70 6 0 0
4 71 2 0 0
4 72 11 0 0
4 73 10 0 0
4 74 7 0 0
4 75 11 0 0
4 76 16 0 0
4 77 11 0 0
4 78 2 0 0
4 79 19 0 0
4 80 11 0 0
4 81 10 0 0
4 82 14 0 0
4 83 16 0 0
4 84 7 0 0
4 85 19 0 0
4 86 14 0 0
4 87 6 0 0
4 88 2 5 0
4 89 1 5 0
4 90 9 4 2
4 91 3 4 1
4 92 10 4 2
4 93 18 3 1
4 94 16 3 2
4 95 7 3 1
4 96 18 3 2
4 97 16 3 1
4 98 18 2 2
4 99 16 2 1
4 100 5 1 0
4 101 16 1 0
4 102 10 1 0
4 103 15 1 0
4 104 3 1 0
4 105 15 1 0
4 106 10 1 0
4 107 2 2 1
4 108 13 2 2
4 109 1 2 1
4 110 19 3 2
4 111 7 3 1
4 112 0 3 2
4 113 7 3 1
4 114 10 3 2
4 115 7 4 1
4 116 13 4 2
4 117 6 4 1
4 118 15 5 0
4 119 15 5 0
4 120 11 0 0
4 121 3 0 0
4 122 15 0 0
4 123 9 0 0
4 124 11 0 0
4 125 16 0 0
4 126 16 0 0
4 127 11 0 0
4 128 8 0 0
4 129 16 0 0
4 130 10 0 0
4 131 8 0 0
4 132 15 0 0
4 133 15 0 0
4 134 1 5 0
4 135 5 5 0
4 136 15 5 0
4 137 17 4 2
4 138 10 4 1
4 139 0 4 2
4 140 11 3 1
4 141 19 3 2
4 142 8 3 1
4 143 0 3 2
4 144 3 3 1
4 145 10 2 2
4 146 10 2 1
4 147 15 2 2
4 148 5 2 1
4 149 10 2 2
4 150 7 1 0
4 151 2 1 0
4 152 7 1 0
4 153 17 2 2
4 154 18 2 1
4 155 9 2 2
4 156 2 3 1
4 157 14 3 2
4 158 17 3 1
4 159 15 3 2
4 160 6 3 1
4 161 19 4 2
4 162 11 4 1
4 163 13 4 2
4 164 3 4 1
4 165 10 4 2
4 166 2 5 0
4 167 15 5 0
4 168 1 0 0
4 169 18 0 0
4 170 11 0 0
4 171 10 0 0
4 172 2 0 0
4 173 16 0 0
4 174 7 0 0
4 175 19 0 0
4 176 16 0 0
4 177 2 0 0
4 178 10 0 0
4 179 11 0 0
4 180 11 0 0
4 181 3 0 0
4 182 9 0 0
4 183 2 0 0
4 184 5 0 0
4 185 11 0 0
4 186 16 0 0
4 187 2 5 0
4 188 7 5 0
4 189 17 5 0
4 190 7 4 1
4 191 13 4 2
4 192 7 4 1
4 193 10 3 2
4 194 7 3 1
4 195 0 3 2
4 196 2 3 1
4 197 9 3 2
4 198 7 2 1
4 199 11 2 2
4 200 11 2 1
4 201 10 1 0
4 202 7 1 0
4 203 6 1 0
4 204 15 1 0
4 205 0 2 2
4 206 15 2 1
4 207 9 3 2
4 208 6 3 1
4 209 0 3 2
4 210 7 3 1
4 211 14 3 2
4 212 13 3 1
4 213 18 4 2
4 214 11 4 1
4 215 5 5 0
4 216 1 5 0
4 217 16 5 0
4 218 18 5 0
4 219 11 0 0
4 220 6 0 0
4 221 15 0 0
4 222 7 0 0
4 223 6 0 0
4 224 13 0 0
4 225 15 0 0
4 226 19 0 0
4 227 16 0 0
4 228 16 0 0
4 229 11 0 0
4 230 15 0 0
4 231 7 0 0
4 232 3 0 0
4 233 19 0 0
4 234 15 0 0
4 235 10 0 0
4 236 16 0 0
4 237 9 0 0
4 238 14 0 0
4 239 11 0 0
4 240 16 0 0
4 241 15 0 0
4 242 9 5 0
4 243 1 5 0
4 244 6 5 0
4 245 18 4 2
4 246 7 4 1
4 247 10 4 2
4 248 1 3 1
4 249 19 3 2
4 250 7 3 1
4 251 9 3 2
4 252 11 2 1
4 253 13 2 2
15 218 0 1 0
15 219 9 1 0
15 220 14 1 0
15 221 5 1 0
15 222 3 1 0
15 223 13 1 0
15 224 7 2 1
15 225 9 2 2
15 226 6 3 1
15 227 0 3 2
15 228 7 3 1
15 229 19 3 2
15 230 6 3 1
15 231 7 4 2
15 232 5 4 1
15 233 10 4 2
15 234 15 5 0
15 235 14 5 0
15 236 16 5 0
15 237 15 5 0
15 238 15 0 0
15 239 5 0 0
15 240 2 5 0
15 241 2 5 0
15 242 14 5 0
15 243 11 4 1
15 244 6 4 2
15 245 16 4 1
15 246 8 3 2
15 247 2 3 1
15 248 10 3 2
15 249 12 3 1
15 250 19 3 2
15 251 7 2 1
15 252 7 2 2
15 253 16 2 1
15 254 0 1 0
15 255 3 1 0
15 256 2 1 0
15 257 7 1 0
15 258 13 2 2
15 259 7 2 1
15 260 16 3 2
15 261 0 3 1
15 262 10 3 2
15 263 10 3 1
15 264 18 3 2
15 265 15 3 1
15 266 7 4 2
15 267 16 4 1
15 268 1 4 2
15 269 7 5 0
15 270 15 5 0
15 271 3 5 0
15 272 17 5 0
15 273 1 0 0
15 274 6 0 0
15 275 8 0 0
15 276 15 0 0
15 277 0 5 0
15 278 16 5 0
15 279 1 5 0
15 280 9 4 1
15 281 3 4 2
15 282 3 4 1
15 283 10 3 2
15 284 12 3 1
15 285 10 3 2
15 286 11 3 1
15 287 15 3 2
15 288 11 2 1
15 289 18 2 2
15 290 0 1 0
15 291 14 1 0
15 292 3 1 0
15 293 6 1 0
15 294 19 1 0
15 295 8 2 2
15 296 16 2 1
15 297 13 2 2
15 298 2 3 1
15 299 15 3 2
15 300 10 3 1
15 301 10 3 2
15 302 5 4 1
15 303 18 4 2
15 304 18 4 1
15 305 3 5 0
15 306 7 5 0
15 307 6 5 0
15 308 0 0 0
15 309 3 0 0
15 310 12 0 0
15 311 14 0 0
15 312 7 0 0
15 313 7 0 0
15 314 10 0 0
15 315 15 0 0
15 316 1 0 0
15 317 0 0 0
15 318 3 0 0
15 319 18 0 0
15 320 3 0 0
15 321 0 0 0
15 322 3 0 0
15 323 1 0 0
15 324 17 0 0
15 325 5 0 0
15 326 15 0 0
15 327 16 0 0
15 328 1 0 0
15 329 14 0 0
15 330 18 0 0
15 331 3 0 0
15 332 1 0 0
15 333 13 0 0
15 334 17 0 0
15 335 7 5 0
15 336 1 5 0
15 337 1 5 0
15 338 11 4 2
15 339 10 4 1
15 340 0 3 2
15 341 15 3 1
15 342 10 3 2
15 343 7 3 1
15 344 18 3 2
15 345 5 2 1
15 346 13 2 2
15 347 5 1 0
15 348 14 1 0
15 349 3 1 0
15 350 15 1 0
15 351 5 1 0
15 352 8 2 2
15 353 11 2 1
15 354 13 2 2
15 355 2 3 1
15 356 9 3 2
15 357 5 3 1
15 358 7 3 2
15 359 13 4 1
15 360 18 4 2
15 361 16 4 1
15 362 5 5 0
15 363 16 5 0
15 364 10 5 0
15 365 1 0 0
15 366 15 0 0
15 367 7 0 0
15 368 18 0 0
15 369 10 0 0
15 370 6 0 0
15 371 5 0 0
15 372 7 0 0
15 373 11 0 0
15 374 1 0 0
15 375 9 0 0
15 376 16 0 0
15 377 10 0 0
15 378 15 0 0
15 379 14 0 0
15 380 1 0 0
15 381 2 0 0
15 382 18 5 0
15 383 17 5 0
15 384 19 5 0
15 385 1 4 2
15 386 7 4 1
15 387 9 3 2
15 388 6 3 1
15 389 14 3 2
15 390 1 3 1
15 391 18 3 2
15 392 15 2 1
15 393 5 2 2
15 394 9 2 1
15 395 13 1 0
15 396 12 1 0
15 397 9 1 0
15 398 7 1 0
15 399 14 1 0
15 400 15 1 0
15 401 0 1 0
15 402 8 2 2
15 403 6 2 1
15 404 19 2 2
15 405 7 3 1
15 406 19 3 2
15 407 7 3 1
15 408 18 3 2
15 409 1 4 1
15 410 18 4 2
15 411 10 4 1
15 412 2 5 0
15 413 6 5 0
15 414 15 0 0
15 415 16 0 0
15 416 8 0 0
15 417 6 0 0
15 418 12 0 0
15 419 1 0 0
15 420 18 0 0
15 421 18 0 0
15 422 16 0 0
15 423 0 0 0
15 424 16 0 0
15 425 15 0 0
15 426 15 0 0
15 427 7 0 0
15 428 5 0 0
15 429 10 0 0
15 430 14 0 0
15 431 15 0 0
15 432 7 0 0
15 433 15 0 0
15 434 15 0 0
15 435 14 0 0
15 436 18 0 0
15 437 3 0 0
15 438 1 0 0
15 439 3 0 0
15 440 16 0 0
15 441 1 0 0
15 442 15 0 0
15 443 7 0 0
15 444 16 5 0
15 445 6 5 0
15 446 0 5 0
15 447 8 4 2
15 448 0 4 1
15 449 17 3 2
15 450 18 3 1
15 451 10 3 2
15 452 3 3 1
15 453 3 3 2
15 454 11 2 1
15 455 9 2 2
15 456 3 2 1
15 457 9 1 0
15 458 7 1 0
15 459 2 1 0
15 460 17 2 2
15 461 16 2 1
15 462 9 2 2
15 463 16 3 1
15 464 14 3 2
15 465 7 3 1
15 466 12 3 2
15 467 1 3 1
15 468 13 4 2
15 469 6 4 1
15 470 8 5 0
15 471 9 5 0
15 472 6 5 0
15 473 15 0 0
15 474 18 0 0
15 475 5 0 0
15 476 2 0 0
15 477 2 0 0
15 478 0 0 0
15 479 9 0 0
15 480 16 0 0
15 481 7 0 0
15 482 16 0 0
15 483 8 0 0
15 484 6 0 0
15 485 6 0 0
15 486 19 0 0
15 487 15 0 0
15 488 18 5 0
15 489 2 5 0
15 490 0 5 0
15 491 14 4 2
15 492 10 4 1
15 493 14 3 2
15 494 0 3 1
15 495 10 3 2
15 496 2 3 1
15 497 19 3 2
15 498 10 2 1
15 499 18 2 2
15 500 8 2 1
15 501 10 1 0
15 502 16 1 0
15 503 3 1 0
15 504 15 1 0
15 505 17 2 2
15 506 2 2 1
15 507 10 2 2
15 508 18 3 1
15 509 0 3 2
15 510 2 3 1
15 511 16 3 2
15 512 6 3 1
15 513 7 4 2
15 514 15 4 1
15 515 13 5 0
15 516 7 5 0
15 517 16 5 0
15 518 19 0 0
15 519 5 0 0
15 520 18 0 0
15 521 15 0 0
15 522 5 0 0
15 523 9 0 0
15 524 7 0 0
15 525 11 0 0
15 526 0 0 0
15 527 19 0 0
15 528 5 0 0
15 529 15 0 0
15 530 7 0 0
15 531 2 0 0
15 532 19 0 0
15 533 6 0 0
15 534 14 5 0
15 535 6 5 0
15 536 11 5 0
15 537 0 5 0
15 538 1 4 2
15 539 16 4 1
15 540 17 3 2
15 541 6 3 1
15 542 10 3 2
15 543 7 3 1
15 544 16 3 2
15 545 1 2 1
15 546 18 2 2
15 547 3 2 1
15 548 3 1 0
15 549 7 1 0
15 550 0 1 0
15 551 10 2 2
15 552 16 2 1
15 553 0 3 2
15 554 6 3 1
15 555 12 3 2
15 556 7 3 1
15 557 10 3 2
15 558 13 4 1
15 559 10 4 2
15 560 9 4 1
15 561 2 5 0
15 562 13 5 0
15 563 2 5 0
15 564 2 0 0
15 565 5 0 0
15 566 18 0 0
15 567 3 0 0
15 568 15 0 0
15 569 2 0 0
15 570 5 0 0
15 571 16 0 0
15 572 2 0 0
15 573 3 0 0
15 574 16 0 0
15 575 19 0 0
15 576 16 0 0
15 577 0 0 0
15 578 1 0 0
15 579 7 0 0
15 580 11 0 0
15 581 16 5 0
15 582 1 5 0
15 583 8 5 0
15 584 16 4 2
15 585 7 4 1
15 586 10 3 2
15 587 6 3 1
15 588 16 3 2
15 589 5 3 1
15 590 0 3 2
15 591 1 2 1
15 592 18 2 2
15 593 3 2 1
15 594 10 1 0
15 595 7 1 0
15 596 16 1 0
15 597 10 1 0
15 598 16 1 0
15 599 14 1 0
15 600 16 1 0
15 601 10 1 0
15 602 3 1 0
15 603 2 1 0
15 604 19 2 2
15 605 15 2 1
15 606 9 3 2
15 607 18 3 1
15 608 0 3 2
15 609 15 3 1
15 610 18 3 2
15 611 0 4 1
15 612 18 4 2
15 613 19 4 1
15 614 2 5 0
15 615 0 5 0
15 616 6 5 0
15 617 9 0 0
15 618 1 0 0
15 619 6 0 0
15 620 11 0 0
15 621 7 0 0
15 622 3 0 0
15 623 16 0 0
15 624 18 0 0
15 625 7 0 0
15 626 2 0 0
15 627 10 0 0
15 628 19 0 0
15 629 14 0 0
15 630 13 5 0
15 631 15 5 0
15 632 14 5 0
15 633 11 5 0
15 634 8 4 2
15 635 11 4 1
15 636 7 4 2
15 637 16 3 1
15 638 10 3 2
15 639 7 3 1
15 640 19 3 2
15 641 3 3 1
15 642 18 2 2
15 643 11 1 0
15 644 14 1 0
15 645 7 1 0
15 646 2 1 0
15 647 17 2 2
15 648 16 2 1
15 649 13 3 2
15 650 2 3 1
15 651 10 3 2
15 652 2 3 1
15 653 15 3 2
15 654 3 4 1
15 655 13 4 2
15 656 5 4 1
15 657 15 5 0
15 658 15 5 0
15 659 5 0 0
15 660 13 0 0
15 661 0 0 0
15 662 3 0 0
15 663 2 0 0
15 664 0 0 0
15 665 2 0 0
15 666 16 0 0
15 667 19 0 0
15 668 11 0 0
15 669 6 0 0
15 670 15 0 0
15 671 0 0 0
15 672 3 0 0
15 673 7 0 0
15 674 15 0 0
15 675 16 0 0
15 676 7 0 0
15 677 1 0 0
15 678 9 0 0
15 679 14 0 0
15 680 7 5 0
15 681 13 5 0
15 682 12 4 2
15 683 10 4 1
15 684 17 4 2
15 685 7 3 1
15 686 0 3 2
15 687 1 3 1
15 688 19 3 2
15 689 0 3 1
15 690 18 2 2
15 691 3 2 1
15 692 13 1 0
15 693 7 1 0
15 694 14 1 0
15 695 5 1 0
15 696 12 1 0
15 697 0 1 0
15 698 3 1 0
15 699 10 1 0
15 700 2 2 1
15 701 10 3 2
15 702 0 3 1
15 703 13 3 2
15 704 7 3 1
15 705 19 3 2
15 706 11 4 1
15 707 2 5 0
15 708 9 5 0
15 709 13 5 0
15 710 3 5 0
15 711 5 5 0
15 712 3 5 0
15 713 18 5 0
15 714 13 0 0
15 715 9 0 0
15 716 1 0 0
15 717 15 0 0
15 718 18 0 0
15 719 3 0 0
15 720 3 0 0
15 721 2 0 0
15 722 2 0 0
15 723 11 0 0
15 724 7 0 0
15 725 9 0 0
15 726 18 0 0
15 727 0 0 0
15 728 7 5 0
15 729 5 5 0
15 730 14 5 0
15 731 1 5 0
15 732 16 4 1
15 733 10 4 2
15 734 18 3 1
15 735 12 3 2
15 736 5 3 1
15 737 7 3 2
15 738 15 3 1
15 739 10 2 2
15 740 11 2 1
15 741 13 2 2
16 133 1 1 0
16 134 3 1 0
16 135 6 1 0
16 136 14 1 0
16 137 7 2 1
16 138 16 2 2
16 139 6 2 1
16 140 9 3 2
16 141 15 3 1
16 142 0 3 2
16 143 7 3 1
16 144 17 3 2
16 145 7 4 1
16 146 15 5 0
16 147 2 5 0
16 148 15 5 0
16 149 18 4 1
16 150 5 4 2
16 151 2 3 1
16 152 18 3 2
16 153 3 3 1
16 154 19 3 2
16 155 15 3 1
16 156 16 2 2
16 157 5 2 1
16 158 5 2 2
16 159 5 1 0
16 160 10 1 0
16 161 7 1 0
16 162 3 1 0
16 163 11 1 0
16 164 16 2 2
16 165 1 2 1
16 166 19 2 2
16 167 16 3 1
16 168 10 3 2
16 169 10 3 1
16 170 7 3 2
16 171 3 3 1
16 172 18 4 2
16 173 0 4 1
16 174 8 4 2
16 175 16 4 1
16 176 8 5 0
16 177 7 5 0
16 196 7 5 0
16 197 13 5 0
16 198 10 5 0
16 199 15 4 1
16 200 11 4 2
16 201 16 4 1
16 202 10 3 2
16 203 18 3 1
16 204 7 3 2
16 205 0 3 1
16 206 10 3 2
16 207 6 2 1
16 208 8 2 2
16 209 2 2 1
16 210 13 1 0
16 211 16 1 0
16 212 3 1 0
16 213 0 1 0
16 214 17 2 2
16 215 15 2 1
16 216 7 2 2
16 217 13 3 1
16 218 19 3 2
16 219 1 3 1
16 220 7 3 2
16 221 18 3 1
16 222 7 4 2
16 223 18 4 1
16 224 3 5 0
16 225 2 5 0
16 226 1 5 0
16 227 16 5 0
16 228 2 0 0
16 241 3 0 0
16 242 16 0 0
16 243 1 0 0
16 244 11 0 0
16 245 10 5 0
16 246 18 5 0
16 247 15 5 0
16 248 5 4 2
16 249 15 4 1
16 250 17 3 2
16 251 3 3 1
16 252 0 3 2
16 253 7 3 1
16 254 10 3 2
16 255 1 2 1
16 256 18 2 2
16 257 2 2 1
16 258 7 1 0
16 259 6 1 0
16 260 10 1 0
16 261 9 2 2
16 262 11 2 1
16 263 15 2 2
16 264 5 3 1
16 265 10 3 2
16 266 9 3 1
16 267 16 3 2
16 268 15 3 1
16 269 18 4 2
16 270 15 4 1
16 271 8 5 0
16 272 15 5 0
16 273 11 5 0
16 274 3 0 0
16 275 18 0 0
16 276 2 0 0
16 277 18 0 0
16 288 0 0 0
16 289 16 0 0
16 290 10 0 0
16 291 3 0 0
16 292 6 0 0
16 293 12 5 0
16 294 11 5 0
16 295 5 5 0
16 296 18 4 2
16 297 16 4 1
16 298 19 3 2
16 299 5 3 1
16 300 17 3 2
16 301 0 3 1
16 302 2 3 2
16 303 2 2 1
16 304 19 2 2
16 305 9 2 1
16 306 19 1 0
16 307 7 1 0
16 308 8 1 0
16 309 7 2 2
16 310 15 2 1
16 311 9 2 2
16 312 7 3 1
16 313 0 3 2
16 314 7 3 1
16 315 19 3 2
16 316 3 4 1
16 317 17 4 2
16 318 5 4 1
16 319 11 5 0
16 320 5 5 0
16 321 16 5 0
16 322 16 0 0
16 323 16 0 0
16 324 14 0 0
16 325 7 0 0
16 326 16 0 0
16 327 7 0 0
16 328 18 0 0
16 329 19 0 0
16 330 6 0 0
16 331 3 0 0
16 332 7 0 0
16 333 18 0 0
16 334 3 0 0
16 335 5 5 0
16 336 1 5 0
16 337 2 5 0
16 338 16 4 2
16 339 7 4 1
16 340 9 3 2
16 341 18 3 1
16 342 10 3 2
16 343 16 3 1
16 344 7 3 2
16 345 10 2 1
16 346 5 2 2
16 347 5 2 1
16 348 19 1 0
16 349 7 1 0
16 350 3 1 0
16 351 13 2 2
16 352 16 2 1
16 353 13 3 2
16 354 6 3 1
16 355 7 3 2
16 356 0 3 1
16 357 0 3 2
16 358 1 4 1
16 359 15 4 2
16 360 3 4 1
16 361 3 5 0
16 362 2 5 0
16 363 15 5 0
16 364 5 0 0
16 365 13 0 0
16 366 7 5 0
16 367 1 5 0
16 368 8 5 0
16 369 7 4 2
16 370 16 4 1
16 371 17 4 2
16 372 5 3 1
16 373 16 3 2
16 374 15 3 1
16 375 0 3 2
16 376 7 3 1
16 377 17 2 2
16 378 6 2 1
16 379 13 2 2
16 380 9 1 0
16 381 6 1 0
16 382 7 1 0
16 383 18 2 2
16 384 1 2 1
16 385 13 3 2
16 386 9 3 1
16 387 0 3 2
16 388 15 3 1
16 389 18 3 2
16 390 7 4 1
16 391 16 4 2
16 392 15 4 1
16 393 18 5 0
16 394 11 5 0
16 395 0 5 0
16 396 14 0 0
16 397 2 0 0
16 398 10 0 0
16 399 7 0 0
16 400 5 0 0
16 401 10 0 0
16 402 18 0 0
16 403 7 0 0
16 404 13 0 0
16 405 18 0 0
16 406 7 0 0
16 407 2 0 0
16 408 14 0 0
16 409 2 0 0
16 410 10 0 0
16 411 3 0 0
16 412 14 0 0
16 413 6 5 0
16 414 11 5 0
16 415 15 5 0
16 416 11 4 2
16 417 5 4 1
16 418 17 4 2
16 419 6 3 1
16 420 7 3 2
16 421 0 3 1
16 422 13 3 2
16 423 6 2 1
16 424 7 2 2
16 425 10 2 1
16 426 16 2 2
16 427 0 1 0
16 428 7 1 0
16 429 19 2 2
16 430 2 2 1
16 431 17 2 2
16 432 1 3 1
16 433 9 3 2
16 434 15 3 1
16 435 7 3 2
16 436 18 4 1
16 437 1 4 2
16 438 2 4 1
16 439 3 5 0
16 440 19 5 0
16 441 15 0 0
16 442 3 0 0
16 443 10 0 0
16 444 9 0 0
16 445 3 0 0
16 446 18 0 0
16 447 3 0 0
16 448 3 0 0
16 449 8 0 0
16 450 16 0 0
16 451 10 0 0
16 452 11 0 0
16 453 18 0 0
16 454 18 0 0
16 455 2 0 0
16 456 6 0 0
16 457 7 0 0
16 458 11 0 0
16 459 0 0 0
16 460 1 5 0
16 461 9 5 0
16 462 11 4 2
16 463 7 4 1
16 464 19 4 2
16 465 6 3 1
16 466 0 3 2
16 467 16 3 1
16 468 0 3 2
16 469 2 2 1
16 470 13 2 2
16 471 3 2 1
16 472 16 1 0
16 473 7 1 0
16 474 14 1 0
16 475 10 2 2
16 476 16 2 1
16 477 8 2 2
16 478 16 3 1
16 479 19 3 2
16 480 15 3 1
16 481 18 3 2
16 482 3 4 1
16 483 18 4 2
16 484 19 4 1
16 485 3 5 0
16 486 0 5 0
16 487 1 0 0
16 488 2 0 0
16 489 0 0 0
16 490 9 0 0
16 491 16 0 0
16 492 3 0 0
16 493 16 0 0
16 494 14 0 0
16 495 10 0 0
16 496 10 0 0
16 497 1 0 0
16 498 1 5 0
16 499 0 5 0
16 500 11 5 0
16 501 5 4 2
16 502 5 4 1
16 503 19 3 2
16 504 11 3 1
16 505 18 3 2
16 506 5 3 1
16 507 10 3 2
16 508 3 2 1
16 509 17 2 2
16 510 5 2 1
16 511 10 1 0
16 512 18 1 0
16 513 3 1 0
16 514 13 1 0
16 515 3 2 1
16 516 17 2 2
16 517 7 3 1
16 518 9 3 2
16 519 16 3 1
16 520 18 3 2
16 521 5 3 1
16 522 18 4 2
16 523 10 4 1
16 524 7 5 0
16 525 16 5 0
16 526 1 5 0
16 527 18 0 0
16 528 3 0 0
16 529 11 0 0
16 530 3 0 0
16 531 18 0 0
16 532 15 0 0
16 533 15 0 0
16 534 18 0 0
16 535 14 0 0
16 536 18 0 0
16 537 5 0 0
16 538 16 0 0
16 539 19 0 0
16 540 11 0 0
16 541 12 0 0
16 542 7 5 0
16 543 7 5 0
16 544 19 5 0
16 545 15 4 2
16 546 10 4 1
16 547 17 3 2
16 548 3 3 1
16 549 10 3 2
16 550 0 3 1
16 551 19 3 2
16 552 0 2 1
16 553 18 2 2
16 554 14 2 1
16 555 19 1 0
16 556 16 1 0
16 557 15 1 0
16 558 8 1 0
16 559 10 2 2
16 560 16 2 1
16 561 19 2 2
16 562 1 3 1
16 563 7 3 2
16 564 11 3 1
16 565 9 3 2
16 566 0 3 1
16 567 2 5 0
16 568 10 0 0
16 569 13 5 0
16 570 3 5 0
16 571 11 5 0
16 572 3 5 0
16 573 18 5 0
16 574 6 5 0
16 575 16 5 0
16 576 19 0 0
16 577 18 0 0
16 578 7 0 0
16 579 18 0 0
16 580 5 0 0
16 581 16 5 0
16 582 0 5 0
16 583 7 5 0
16 584 1 5 0
16 585 6 4 1
16 586 18 3 2
16 587 16 3 1
16 588 10 3 2
16 589 15 3 1
16 590 7 3 2
16 591 15 3 1
16 592 18 2 2
16 593 16 2 1
16 594 13 1 0
3 1 6 1 0
3 2 7 1 0
3 3 0 1 0
3 4 15 1 0
3 5 7 1 0
3 6 13 2 2
3 7 18 2 1
3 8 19 2 2
3 9 5 3 1
3 10 0 3 2
3 11 3 3 1
3 12 0 3 2
3 13 0 3 1
3 14 8 4 2
3 15 0 4 1
3 16 11 5 0
3 17 0 5 0
3 18 15 5 0
3 19 15 0 0
3 20 15 0 0
3 21 10 0 0
3 22 7 0 0
3 23 15 0 0
3 24 0 5 0
3 25 11 5 0
3 26 7 5 0
3 27 13 4 2
3 28 15 4 1
3 29 14 3 2
3 30 1 3 1
3 31 9 3 2
3 32 15 3 1
3 33 0 3 2
3 34 7 2 1
3 35 18 2 2
3 36 1 2 1
3 37 9 1 0
3 38 2 1 0
3 39 3 1 0
3 40 10 2 2
3 41 1 2 1
3 42 13 2 2
3 43 0 3 1
3 44 19 3 2
3 45 3 3 1
3 46 18 3 2
3 47 16 4 1
3 48 1 4 2
3 49 18 4 1
3 50 11 5 0
3 51 2 5 0
3 52 18 5 0
3 53 11 0 0
3 54 0 0 0
3 55 14 0 0
3 56 15 0 0
3 57 16 0 0
3 58 3 0 0
3 59 13 0 0
3 60 11 5 0
3 61 10 5 0
3 62 18 4 2
3 63 15 4 1
3 64 9 3 2
3 65 7 3 1
3 66 0 3 2
3 67 15 3 1
3 68 0 3 2
3 69 9 3 1
3 70 18 2 2
3 71 3 2 1
3 72 13 1 0
3 73 3 1 0
3 74 16 1 0
3 75 5 1 0
3 76 15 1 0
3 77 14 1 0
3 78 19 2 2
3 79 11 2 1
3 80 14 2 2
3 81 18 3 1
3 82 10 3 2
3 83 7 3 1
3 84 0 3 2
3 85 1 3 1
3 86 10 3 2
3 87 15 3 1
3 88 10 4 2
3 89 2 4 1
3 90 1 5 0
3 91 0 5 0
3 92 15 5 0
3 93 19 0 0
3 94 3 0 0
3 95 10 0 0
3 96 7 0 0
3 97 7 0 0
3 98 15 0 0
3 99 3 5 0
3 100 15 0 0
3 101 13 5 0
3 102 15 5 0
3 103 5 5 0
3 104 16 5 0
3 105 15 5 0
3 106 9 4 2
3 107 7 4 1
3 108 10 4 2
3 109 7 3 1
3 110 19 3 2
3 111 10 3 1
3 112 16 3 2
3 113 7 3 1
3 114 19 3 2
3 115 15 2 1
3 116 18 2 2
3 117 0 1 0
3 118 19 1 0
3 119 16 1 0
3 120 14 1 0
3 121 2 1 0
3 122 19 2 2
3 123 3 2 1
3 124 10 2 2
3 125 3 3 1
3 126 0 3 2
3 127 7 3 1
3 128 18 3 2
3 129 1 3 1
3 130 18 4 2
3 131 2 4 1
3 132 18 4 2
3 133 9 4 1
3 134 7 5 0
3 135 11 5 0
3 136 19 5 0
3 137 2 0 0
3 138 16 0 0
3 139 19 0 0
3 140 11 0 0
3 141 2 5 0
3 142 19 5 0
3 143 1 5 0
3 144 15 4 1
3 145 7 4 2
3 146 6 4 1
3 147 10 3 2
3 148 15 3 1
3 149 0 3 2
3 150 7 3 1
3 151 19 3 2
3 152 1 2 1
3 153 19 2 2
3 154 11 2 1
3 155 13 1 0
8 1 6 1 0
8 2 9 2 2
8 3 15 2 1
8 4 10 2 2
8 5 2 2 1
8 6 7 3 2
8 7 18 3 1
8 8 7 3 2
8 9 1 3 1
8 10 13 3 2
8 11 7 3 1
8 12 10 3 2
8 13 5 4 1
8 14 18 4 2
8 15 19 5 0
8 16 6 5 0
8 17 3 5 0
8 18 1 5 0
8 19 7 0 0
8 20 19 0 0
8 21 7 0 0
8 22 10 5 0
8 23 6 5 0
8 24 3 5 0
8 25 16 4 2
8 26 9 4 1
8 27 9 4 2
8 28 15 4 1
8 29 15 3 2
8 30 1 3 1
8 31 10 3 2
8 32 1 3 1
8 33 9 3 2
8 34 2 3 1
8 35 9 3 2
8 36 19 2 1
8 37 7 2 2
8 38 16 2 1
8 39 16 2 2
8 40 6 1 0
8 41 16 1 0
8 42 3 1 0
8 43 5 1 0
8 44 7 1 0
8 45 19 1 0
8 46 16 1 0
8 47 13 2 2
8 48 7 2 1
8 49 0 3 2
8 50 11 3 1
8 51 10 3 2
8 52 1 3 1
8 53 12 3 2
8 54 5 3 1
8 55 17 3 2
8 56 3 4 1
8 57 3 5 0
8 58 7 5 0
8 59 3 5 0
8 60 0 5 0
8 61 13 5 0
8 62 0 5 0
8 63 7 5 0
8 64 16 0 0
8 65 0 0 0
8 66 7 0 0
8 67 2 0 0
8 68 0 0 0
8 69 0 3 2
8 70 5 3 1
8 71 13 3 2
8 72 17 3 1
8 73 16 2 2
8 74 15 2 1
8 75 18 1 0
8 76 2 1 0
8 77 7 1 0
8 78 19 2 2
8 79 16 2 1
8 80 19 3 2
8 81 15 3 1
8 82 19 3 2
8 83 7 3 1
8 84 2 3 2
8 85 19 0 0
8 86 3 0 0
8 87 16 0 0
8 88 0 0 0
8 89 13 0 0
8 90 3 0 0
8 91 15 0 0
8 92 19 0 0
8 93 0 0 0
8 94 10 0 0
8 95 16 0 0
8 96 18 0 0
8 97 3 0 0
8 98 15 0 0
8 99 6 0 0
8 100 12 0 0
8 101 7 0 0
8 102 18 0 0
8 103 6 0 0
8 104 0 0 0
8 105 15 0 0
8 106 15 0 0
8 107 13 5 0
8 108 7 5 0
8 109 3 5 0
8 110 0 5 0
8 111 5 5 0
8 112 15 5 0
8 113 15 5 0
8 114 13 5 0
8 115 13 5 0
8 116 0 0 0
8 117 18 0 0
8 118 2 0 0
8 119 15 0 0
8 120 11 5 0
8 121 18 5 0
8 122 3 5 0
8 123 0 5 0
8 124 15 5 0
8 125 7 5 0
8 126 0 5 0
8 127 10 5 0
8 128 3 5 0
8 129 2 5 0
8 130 18 5 0
8 131 2 4 2
8 132 7 3 1
8 133 9 3 2
8 134 0 3 1
8 135 19 3 2
8 136 16 3 1
8 137 18 2 2
8 138 15 2 1
8 139 9 2 2
8 140 15 1 0
8 141 7 1 0
8 142 19 2 2
8 143 2 2 1
8 144 10 3 2
8 145 18 3 1
8 146 10 3 2
8 147 15 3 1
8 148 18 3 2
8 149 19 4 1
8 150 3 4 2
8 151 14 5 0
8 152 3 5 0
8 153 5 5 0
8 154 16 5 0
8 155 19 5 0
8 156 3 5 0
8 157 15 5 0
8 158 15 5 0
8 159 10 0 0
8 160 19 5 0
8 161 16 5 0
8 162 6 5 0
8 163 6 4 1
8 164 13 4 2
8 165 7 3 1
8 166 9 3 2
8 167 0 3 1
8 168 0 3 2
8 169 3 3 1
8 170 17 2 2
8 171 15 2 1
8 172 2 1 0
8 173 3 1 0
8 174 12 1 0
8 175 9 2 2
8 176 15 2 1
8 177 10 3 2
8 178 0 3 1
8 179 0 3 2
8 180 0 3 1
8 181 18 3 2
8 182 16 4 1
8 183 16 4 2
8 184 3 5 0
8 185 0 5 0
8 186 7 5 0
8 187 7 5 0
8 188 9 5 0
8 189 19 5 0
8 190 3 5 0
8 191 2 5 0
8 192 3 5 0
8 193 9 4 1
8 194 0 4 2
8 195 13 3 1
8 196 19 3 2
8 197 7 3 1
8 198 0 3 2
8 199 0 3 1
8 200 18 2 2
8 201 11 2 1
8 202 13 1 0
8 203 2 1 0
8 204 3 1 0
8 205 0 1 0
8 206 7 2 2
8 207 16 2 1
8 208 19 3 2
8 209 7 3 1
8 210 10 3 2
8 211 2 3 1
8 212 17 3 2
8 213 18 4 1
8 214 3 4 2
8 215 2 5 0
8 216 7 5 0
8 217 10 5 0
8 218 15 5 0
8 219 16 5 0
8 220 0 5 0
8 221 7 5 0
8 222 3 4 2
8 223 5 4 1
8 224 19 4 2
8 225 16 3 1
8 226 10 3 2
8 227 18 3 1
8 228 7 3 2
8 229 2 3 1
8 230 18 2 2
8 231 0 2 1
8 232 13 2 2
8 233 7 1 0
8 234 0 1 0
8 235 16 2 2
8 236 16 2 1
8 237 19 3 2
8 238 1 3 1
8 239 0 3 2
8 240 18 3 1
8 241 19 3 2
8 242 15 4 1
8 243 3 4 2
8 244 9 5 0
8 245 3 5 0
8 246 1 5 0
8 247 0 0 0
8 248 7 0 0
8 249 0 5 0
8 250 3 5 0
8 251 16 5 0
8 252 0 4 1
8 253 18 4 2
8 254 7 3 1
8 255 9 3 2
8 256 7 3 1
8 257 0 3 2
8 258 3 3 1
8 259 18 2 2
8 260 5 2 1
8 261 13 2 2
8 262 0 1 0
8 263 6 1 0
8 264 7 1 0
8 265 19 2 2
8 266 11 2 1
8 267 19 3 2
8 268 15 3 1
8 269 7 3 2
8 270 15 3 1
8 271 19 3 2
8 272 5 4 1
8 273 15 4 2
8 274 7 4 1
8 275 13 5 0
8 276 0 5 0
8 277 2 5 0
8 278 6 5 0
8 279 16 4 2
8 280 19 4 1
8 281 0 4 2
8 282 3 3 1
8 283 19 3 2
8 284 7 3 1
8 285 19 3 2
8 286 1 3 1
8 287 13 2 2
8 288 3 2 1
8 289 13 2 2
6 31 16 1 0
6 32 10 1 0
6 33 18 1 0
6 34 14 1 0
6 35 18 0 0
6 36 3 0 0
6 37 16 0 0
6 38 2 0 0
6 39 18 3 1
6 40 10 3 2
6 41 9 3 1
6 42 18 3 2
6 43 16 4 1
6 44 5 4 2
6 45 16 4 1
6 46 15 5 0
6 47 3 5 0
6 48 10 5 0
6 49 2 5 0
6 50 11 0 0
6 51 6 0 0
6 52 0 0 0
6 53 9 0 0
6 54 0 0 0
6 55 15 0 0
6 56 18 0 0
6 57 3 0 0
6 58 17 0 0
6 59 0 0 0
6 60 6 0 0
6 61 2 0 0
6 62 0 5 0
6 63 1 5 0
6 64 11 5 0
6 65 3 4 2
6 66 6 4 1
6 67 19 4 2
6 68 11 3 1
6 69 13 3 2
6 70 5 3 1
6 71 10 3 2
6 72 15 3 1
6 73 10 3 2
6 74 0 3 1
6 75 13 3 2
6 76 14 2 1
6 77 10 2 2
6 78 17 2 2
6 79 1 2 1
6 80 7 1 0
6 81 9 1 0
6 82 10 1 0
6 83 7 1 0
6 84 14 1 0
6 85 2 1 0
6 86 15 2 2
6 87 19 2 1
6 88 10 2 2
6 89 7 3 1
6 90 0 3 2
6 91 15 3 1
6 92 18 3 2
6 93 16 3 1
6 94 5 3 2
6 95 11 3 1
6 96 15 4 2
6 97 17 4 1
6 98 17 4 2
6 99 5 5 0
6 100 10 5 0
6 101 15 5 0
6 102 2 5 0
6 103 15 5 0
6 104 6 0 0
6 105 6 0 0
6 106 15 5 0
6 107 15 5 0
6 108 14 5 0
6 109 13 5 0
6 110 1 5 0
6 111 6 5 0
6 112 16 4 2
6 113 2 4 1
6 114 18 4 2
6 115 6 3 1
6 116 14 3 2
6 117 5 3 1
6 118 10 3 2
6 119 13 3 1
6 120 10 3 2
6 121 7 2 1
6 122 13 2 2
6 123 0 1 0
6 124 16 1 0
6 125 3 1 0
6 126 18 1 0
6 127 1 1 0
6 128 13 1 0
6 129 0 1 0
6 130 7 1 0
6 131 17 1 0
6 132 16 1 0
6 133 10 1 0
6 134 1 1 0
6 135 3 2 1
6 136 19 2 2
6 137 6 3 1
6 138 12 3 2
6 139 7 3 1
6 140 18 3 2
6 141 2 3 1
6 142 8 4 2
6 143 3 4 1
6 144 15 4 2
6 145 2 5 0
6 146 7 5 0
6 147 1 5 0
6 148 15 0 0
6 149 3 0 0
6 150 14 0 0
6 151 16 0 0
6 152 15 5 0
6 153 1 5 0
6 154 15 5 0
6 155 17 4 1
6 156 2 4 2
6 157 1 4 1
6 158 10 3 2
6 159 18 3 1
6 160 16 3 2
6 161 1 3 1
6 162 10 2 2
6 163 12 2 1
6 164 0 2 2
6 165 6 1 0
6 166 2 1 0
6 167 7 1 0
6 168 2 1 0
6 169 17 1 0
6 170 10 2 1
6 171 19 2 2
6 172 6 3 1
6 173 19 3 2
6 174 11 3 1
6 175 14 3 2
6 176 17 3 1
6 177 18 4 2
6 178 19 4 1
6 179 19 4 2
6 180 7 5 0
6 181 2 5 0
6 182 16 5 0
6 183 3 0 0
6 184 3 0 0
6 185 2 5 0
6 186 14 5 0
6 187 3 5 0
6 188 9 5 0
6 189 16 5 0
6 190 11 5 0
6 191 18 5 0
6 192 12 5 0
6 193 7 5 0
6 194 18 5 0
6 195 18 3 2
6 196 5 3 1
6 197 10 3 2
6 198 11 3 1
6 199 9 3 2
6 200 7 2 1
6 201 18 2 2
6 202 8 1 0
6 203 10 1 0
6 204 7 1 0
6 205 3 1 0
6 206 0 2 2
6 207 19 2 1
6 208 10 2 2
6 209 15 3 1
6 210 0 3 2
6 211 11 3 1
6 212 7 3 2
6 213 5 3 1
6 214 18 4 2
6 215 2 5 0
6 216 17 5 0
6 217 2 5 0
6 218 16 5 0
6 219 7 5 0
6 220 18 5 0
6 221 7 4 2
6 222 7 4 1
6 223 0 3 2
6 224 6 3 1
6 225 10 3 2
6 226 7 3 1
6 227 10 3 2
6 228 15 2 1
6 229 18 2 2
6 230 14 2 1
6 231 9 2 2
6 232 16 1 0
6 233 11 1 0
6 234 8 1 0
6 235 19 2 2
6 236 1 2 1
6 237 10 2 2
6 238 18 3 1
6 239 16 3 2
6 240 5 3 1
6 241 19 3 2
6 242 18 3 1
6 243 15 4 2
6 244 7 4 1
6 245 18 4 2
6 246 7 5 0
6 247 6 5 0
6 248 15 5 0
6 249 10 5 0
6 250 9 5 0
6 251 3 5 0
6 252 18 5 0
6 253 2 5 0
6 254 13 5 0
6 255 2 5 0
6 256 5 4 1
6 257 16 4 2
6 258 1 4 1
6 259 19 3 2
6 260 7 3 1
6 261 19 3 2
6 262 7 3 1
6 263 19 3 2
6 264 12 3 1
6 265 10 1 0
6 266 2 1 0
6 267 3 1 0
6 268 10 1 0
6 269 13 1 0
2 1 0 1 0
2 2 16 1 0
2 3 15 2 2
2 4 16 2 1
2 5 19 3 2
2 6 16 3 1
2 7 7 3 2
2 8 7 3 1
2 9 18 3 2
2 10 0 4 1
2 11 5 4 2
2 12 15 5 0
2 13 3 5 0
2 14 0 5 0
2 15 5 0 0
2 16 7 0 0
2 17 5 0 0
2 18 12 0 0
2 19 2 0 0
2 20 11 5 0
2 21 12 5 0
2 22 7 4 2
2 23 7 4 1
2 24 13 4 2
2 25 2 3 1
2 26 10 3 2
2 27 11 3 1
2 28 18 3 2
2 29 1 3 1
2 30 18 2 2
2 31 6 2 1
2 32 6 1 0
2 33 3 1 0
2 34 2 1 0
2 35 15 1 0
2 36 14 1 0
2 37 10 2 2
2 38 7 2 1
2 39 19 3 2
2 40 9 3 1
2 41 7 3 2
2 42 15 3 1
2 43 13 3 2
2 44 16 4 1
2 45 18 4 2
2 46 16 5 0
2 47 6 5 0
2 48 11 5 0
2 49 15 0 0
2 50 1 0 0
2 51 16 0 0
2 52 0 0 0
2 53 15 0 0
2 54 15 0 0
2 55 7 0 0
2 56 3 0 0
2 57 18 0 0
2 58 2 0 0
2 59 11 0 0
2 60 2 0 0
2 61 5 5 0
2 62 18 5 0
2 63 18 4 2
2 64 7 4 1
2 65 9 4 2
2 66 16 3 1
2 67 0 3 2
2 68 7 3 1
2 69 14 3 2
2 70 0 3 1
2 71 18 2 2
2 72 1 1 0
2 73 9 1 0
2 74 2 1 0
2 75 3 1 0
2 76 17 1 0
2 77 0 2 2
2 78 15 2 1
2 79 9 3 2
2 80 18 3 1
2 81 7 3 2
2 82 19 3 1
2 83 19 3 2
2 84 7 4 1
2 85 19 4 2
2 86 7 4 1
2 87 18 5 0
2 88 7 5 0
2 89 11 0 0
2 90 13 0 0
2 91 5 0 0
2 92 16 0 0
2 93 16 0 0
2 94 6 0 0
2 95 18 0 0
2 96 14 0 0
2 97 16 0 0
2 98 18 0 0
2 99 11 0 0
2 100 2 0 0
2 101 3 0 0
2 102 16 0 0
2 103 15 0 0
2 104 3 0 0
2 105 18 5 0
2 106 7 5 0
2 107 13 4 2
2 108 15 4 1
2 109 18 4 2
2 110 7 3 1
2 111 0 3 2
2 112 7 3 1
2 113 10 3 2
2 114 5 3 1
2 115 13 2 2
2 116 2 1 0
2 117 14 1 0
2 118 12 1 0
2 119 6 1 0
2 120 2 1 0
2 121 19 2 2
2 122 0 2 1
2 123 10 3 2
2 124 3 3 1
2 125 13 3 2
2 126 15 3 1
2 127 18 3 2
2 128 6 4 1
2 129 5 4 2
2 130 15 5 0
2 131 1 5 0
2 132 9 5 0
2 133 1 0 0
2 134 15 0 0
2 135 19 0 0
2 136 3 5 0
2 137 19 5 0
2 138 7 4 2
2 139 16 4 1
2 140 17 4 2
2 141 9 3 1
2 142 0 3 2
2 143 7 3 1
2 144 19 3 2
2 145 7 3 1
2 146 18 2 2
2 147 1 2 1
2 148 13 1 0
14 160 14 1 0
14 161 10 2 1
14 162 11 2 2
14 163 6 2 1
14 164 19 3 2
14 165 5 3 1
14 166 13 3 2
14 167 11 3 1
14 168 0 3 2
14 169 7 4 1
14 170 16 5 0
14 171 3 5 0
14 172 15 5 0
14 173 10 5 0
14 174 13 4 2
14 175 5 3 1
14 176 16 3 2
14 177 7 3 1
14 178 13 3 2
14 179 3 3 1
14 180 13 2 2
14 181 15 2 1
14 182 3 2 2
14 183 15 1 0
14 184 10 1 0
14 185 3 1 0
14 186 3 0 0
14 187 3 1 0
14 188 7 1 0
14 189 19 1 0
14 190 18 2 2
14 191 15 2 1
14 192 18 2 2
14 193 1 3 1
14 194 10 3 2
14 195 16 3 1
14 196 7 3 2
14 197 10 3 1
14 198 0 4 2
14 199 1 4 1
14 200 15 4 2
14 201 0 5 0
14 202 2 5 0
14 203 0 5 0
14 204 5 5 0
14 205 5 0 0
14 206 11 0 0
14 207 7 0 0
14 208 15 0 0
14 209 6 5 0
14 210 6 5 0
14 211 5 5 0
14 212 1 4 1
14 213 18 4 2
14 214 0 4 1
14 215 9 3 2
14 216 0 3 1
14 217 14 3 2
14 218 0 3 1
14 219 13 3 2
14 220 16 2 1
14 221 17 2 2
14 222 1 1 0
14 223 14 1 0
14 224 3 1 0
14 225 3 1 0
14 226 11 1 0
14 227 16 2 2
14 228 2 2 1
14 229 13 2 2
14 230 16 3 1
14 231 13 3 2
14 232 10 3 1
14 233 15 3 2
14 234 18 3 1
14 235 13 4 2
14 236 5 4 1
14 237 2 5 0
14 238 6 5 0
14 239 14 5 0
14 240 6 5 0
14 241 16 5 0
14 242 7 0 0
14 243 18 0 0
14 244 18 0 0
14 245 7 0 0
14 246 17 0 0
14 247 10 0 0
14 248 14 0 0
14 249 11 0 0
14 250 6 0 0
14 251 7 0 0
14 252 16 0 0
14 253 19 0 0
14 254 6 0 0
14 255 14 0 0
14 256 10 0 0
14 257 14 0 0
14 258 2 0 0
14 259 7 0 0
14 260 11 0 0
14 261 1 0 0
14 262 10 0 0
14 263 14 0 0
14 264 16 0 0
14 265 3 0 0
14 266 13 0 0
14 267 2 0 0
14 268 6 0 0
14 269 7 0 0
14 270 0 0 0
14 271 11 0 0
14 272 2 0 0
14 273 2 0 0
14 274 16 0 0
14 275 18 0 0
14 276 15 0 0
14 277 1 5 0
14 278 2 5 0
14 279 6 4 1
14 280 11 4 2
14 281 12 4 1
14 282 19 3 2
14 283 7 3 1
14 284 18 3 2
14 285 15 3 1
14 286 13 3 2
14 287 3 2 1
14 288 8 2 2
14 289 6 2 1
14 290 13 1 0
14 291 2 1 0
14 292 3 1 0
14 293 16 1 0
14 294 13 2 2
14 295 16 2 1
14 296 19 2 2
14 297 1 3 1
14 298 5 3 2
14 299 2 3 1
14 300 10 3 2
14 301 1 3 1
14 302 13 4 2
14 303 0 4 1
14 304 6 5 0
14 305 2 5 0
14 306 11 5 0
14 307 16 0 0
14 308 15 0 0
14 309 5 0 0
14 310 2 0 0
14 311 15 0 0
14 312 19 0 0
14 313 18 0 0
14 314 7 0 0
14 315 18 0 0
14 316 7 0 0
14 317 19 0 0
14 318 4 0 0
14 319 15 0 0
14 320 3 0 0
14 321 14 0 0
14 322 0 0 0
14 323 2 0 0
14 324 0 0 0
14 325 18 0 0
14 326 15 0 0
14 327 11 0 0
14 328 5 0 0
14 329 4 0 0
14 330 0 0 0
14 331 0 0 0
14 332 10 0 0
14 333 0 0 0
14 334 14 0 0
14 335 0 0 0
14 336 3 0 0
14 337 11 0 0
14 338 7 0 0
14 339 8 0 0
14 340 18 0 0
14 341 10 0 0
14 342 0 0 0
14 343 1 0 0
14 344 11 0 0
14 345 18 0 0
14 346 19 0 0
14 347 19 0 0
14 348 3 0 0
14 349 3 0 0
14 350 6 0 0
14 351 11 0 0
14 352 10 5 0
14 353 5 5 0
14 354 2 5 0
14 355 13 4 2
14 356 15 4 1
14 357 19 3 2
14 358 3 3 1
14 359 16 3 2
14 360 5 3 1
14 361 10 3 2
14 362 5 2 1
14 363 15 2 2
14 364 11 1 0
14 365 13 1 0
14 366 0 1 0
14 367 16 1 0
14 368 7 1 0
14 369 3 1 0
14 370 9 1 0
14 371 3 1 0
14 372 8 2 2
14 373 16 2 1
14 374 10 3 2
14 375 10 3 1
14 376 16 3 2
14 377 7 3 1
14 378 19 3 2
14 379 3 4 1
14 380 13 4 2
14 381 12 4 1
14 382 1 5 0
14 383 12 5 0
14 384 1 5 0
14 385 2 0 0
14 386 3 0 0
14 387 9 0 0
14 388 2 0 0
14 389 0 0 0
14 390 17 0 0
14 391 13 0 0
14 392 7 0 0
14 393 18 0 0
14 394 3 0 0
14 395 3 0 0
14 396 15 0 0
14 397 19 0 0
14 398 14 0 0
14 399 10 0 0
14 400 10 0 0
14 401 2 0 0
14 402 10 0 0
14 403 18 0 0
14 404 2 0 0
14 405 14 0 0
14 406 15 0 0
14 407 8 0 0
14 408 8 0 0
14 409 8 0 0
14 410 8 0 0
14 411 8 0 0
14 412 8 0 0
14 413 7 0 0
14 414 15 0 0
14 415 19 0 0
14 416 2 0 0
14 417 16 0 0
14 418 3 0 0
14 419 13 0 0
14 420 3 0 0
14 421 13 0 0
14 422 2 0 0
14 423 0 0 0
14 424 11 0 0
14 425 3 0 0
14 426 14 0 0
14 427 0 0 0
14 428 2 0 0
14 429 15 0 0
14 430 7 0 0
14 431 14 0 0
14 432 18 0 0
14 433 1 0 0
14 434 9 0 0
14 435 10 0 0
14 436 2 0 0
14 437 11 0 0
14 438 5 5 0
14 439 11 5 0
14 440 5 5 0
14 441 16 4 2
14 442 7 4 1
14 443 19 3 2
14 444 18 3 1
14 445 19 3 2
14 446 5 3 1
14 447 3 3 2
14 448 5 3 1
14 449 0 2 2
14 450 5 2 1
14 451 17 1 0
14 452 3 1 0
14 453 11 1 0
14 454 19 2 2
14 455 10 2 1
14 456 19 3 2
14 457 16 3 1
14 458 10 3 2
14 459 7 3 1
14 460 7 3 2
14 461 1 4 1
14 462 18 4 2
14 463 3 4 1
14 464 17 5 0
14 465 0 5 0
14 466 3 0 0
14 467 5 0 0
14 468 6 0 0
14 469 15 0 0
14 470 10 0 0
14 471 2 0 0
14 472 1 0 0
14 473 19 0 0
14 474 0 0 0
14 475 7 0 0
14 476 16 0 0
14 477 16 0 0
14 478 3 0 0
14 479 11 0 0
14 480 1 0 0
14 481 3 0 0
14 482 3 0 0
14 483 11 5 0
14 484 5 5 0
14 485 13 4 2
14 486 16 4 1
14 487 17 4 2
14 488 1 3 1
14 489 7 3 2
14 490 7 3 1
14 491 19 3 2
14 492 2 3 1
14 493 18 2 2
14 494 10 2 1
14 495 13 1 0
14 496 3 1 0
14 497 2 1 0
14 498 7 1 0
14 499 19 2 2
14 500 16 2 1
14 501 14 3 2
14 502 18 3 1
14 503 13 3 2
14 504 15 3 1
14 505 18 3 2
14 506 15 4 1
14 507 6 4 2
14 508 15 4 1
14 509 13 5 0
14 510 6 5 0
14 511 14 0 0
14 512 15 0 0
14 513 15 0 0
14 514 5 0 0
14 515 19 0 0
14 516 7 0 0
14 517 11 0 0
14 518 3 0 0
14 519 7 0 0
14 520 2 0 0
14 521 9 0 0
14 522 13 0 0
14 523 0 0 0
14 524 14 0 0
14 525 15 0 0
14 526 11 5 0
14 527 7 5 0
14 528 11 4 2
14 529 5 4 1
14 530 18 4 2
14 531 6 3 1
14 532 19 3 2
14 533 7 3 1
14 534 19 3 2
14 535 11 3 1
14 536 18 2 2
14 537 19 1 0
14 538 14 1 0
14 539 6 1 0
14 540 3 1 0
14 541 1 1 0
14 542 14 1 0
14 543 9 2 2
14 544 19 2 1
14 545 19 3 2
14 546 16 3 1
14 547 7 3 2
14 548 0 3 1
14 549 19 3 2
14 550 18 4 1
14 551 2 4 2
14 552 10 4 1
14 553 16 5 0
14 554 11 5 0
14 555 16 0 0
14 556 2 0 0
14 557 2 0 0
14 558 10 0 0
14 559 12 0 0
14 560 0 0 0
14 561 3 0 0
14 562 14 0 0
14 563 6 0 0
14 564 7 0 0
14 565 15 0 0
14 566 13 0 0
14 567 13 0 0
14 568 15 0 0
14 569 19 0 0
14 570 6 0 0
14 571 7 0 0
14 572 7 0 0
14 573 6 0 0
14 574 9 0 0
14 575 1 5 0
14 576 0 5 0
14 577 1 4 2
14 578 7 4 1
14 579 19 4 2
14 580 6 3 1
14 581 9 3 2
14 582 6 3 1
14 583 0 3 2
14 584 11 3 1
14 585 0 2 2
14 586 0 2 1
14 587 10 1 0
14 588 15 1 0
14 589 0 1 0
14 590 15 1 0
14 591 19 2 2
14 592 2 2 1
14 593 19 3 2
14 594 19 3 1
14 595 7 3 2
14 596 15 3 1
14 597 18 3 2
14 598 16 4 1
14 599 18 4 2
14 600 16 4 1
14 601 3 5 0
14 602 0 5 0
14 603 6 0 0
14 604 18 0 0
14 605 16 0 0
14 606 16 0 0
14 607 3 0 0
14 608 16 0 0
14 609 16 0 0
14 610 18 0 0
14 611 11 0 0
14 612 7 0 0
14 613 2 0 0
14 614 16 0 0
14 615 14 0 0
14 616 0 0 0
14 617 5 0 0
14 618 19 5 0
14 619 14 5 0
14 620 11 5 0
14 621 8 4 2
14 622 12 4 1
14 623 0 4 2
14 624 15 3 1
14 625 10 3 2
14 626 17 3 1
14 627 0 3 2
14 628 3 3 1
14 629 18 2 2
14 630 16 2 1
14 631 13 1 0
14 632 13 1 0
14 633 3 1 0
14 634 7 1 0
14 635 14 1 0
14 636 10 1 0
14 637 15 1 0
14 638 7 1 0
14 639 10 2 2
14 640 16 2 1
14 641 10 3 2
14 642 7 3 1
14 643 16 3 2
14 644 7 3 1
14 645 7 3 2
14 646 1 4 1
14 647 18 4 2
14 648 16 4 1
14 649 7 5 0
14 650 15 5 0
14 651 15 0 0
14 652 18 0 0
14 653 7 0 0
14 654 3 0 0
14 655 14 0 0
14 656 0 0 0
14 657 2 0 0
14 658 15 0 0
14 659 13 0 0
14 660 11 0 0
14 661 19 0 0
14 662 7 0 0
14 663 15 5 0
14 664 18 5 0
14 665 16 4 2
14 666 19 4 1
14 667 19 4 2
14 668 3 3 1
14 669 0 3 2
14 670 10 3 1
14 671 19 3 2
14 672 1 3 1
14 673 18 2 2
14 674 3 1 0
14 675 10 1 0
14 676 0 1 0
14 677 1 1 0
14 678 19 1 0
14 679 7 1 0
14 680 12 1 0
14 681 0 1 0
14 682 7 1 0
14 683 15 1 0
14 684 2 2 1
14 685 19 3 2
14 686 0 3 1
14 687 10 3 2
14 688 8 3 1
14 689 19 3 2
14 690 2 4 1
14 691 2 5 0
14 692 10 5 0
14 693 13 5 0
14 694 3 5 0
14 695 1 5 0
14 696 6 5 0
14 697 18 5 0
14 698 19 0 0
14 699 0 5 0
14 700 15 0 0
14 701 4 0 0
14 702 13 0 0
14 703 2 0 0
14 704 16 0 0
14 705 18 0 0
14 706 7 0 0
14 707 4 0 0
14 708 13 0 0
14 709 17 0 0
14 710 7 5 0
14 711 0 5 0
14 712 6 5 0
14 713 1 5 0
14 714 5 4 1
14 715 19 4 2
14 716 19 3 1
14 717 0 3 2
14 718 16 3 1
14 719 0 3 2
14 720 16 3 1
14 721 13 2 2
14 722 1 2 1
14 723 13 1 0
11 1 19 1 0
11 2 3 2 1
11 3 13 2 2
11 4 8 2 1
11 5 7 3 2
11 6 18 3 1
11 7 0 3 2
11 8 1 3 1
11 9 15 3 2
11 10 7 3 1
11 11 9 3 2
11 12 7 4 1
11 13 17 4 2
11 14 16 4 1
11 15 7 5 0
11 16 15 5 0
11 17 7 5 0
11 18 7 5 0
11 19 6 5 0
11 20 5 5 0
11 21 5 5 0
11 22 4 5 0
11 23 13 5 0
11 24 5 5 0
11 25 0 5 0
11 26 16 5 0
11 27 7 5 0
11 28 0 5 0
11 29 5 5 0
11 30 15 5 0
11 31 11 5 0
11 32 18 0 0
11 33 1 0 0
11 34 10 0 0
11 35 7 0 0
11 36 2 5 0
11 37 6 5 0
11 38 4 5 0
11 39 6 5 0
11 40 16 3 2
11 41 18 3 1
11 42 0 3 2
11 43 6 3 1
11 44 10 3 2
11 45 11 3 1
11 46 10 3 2
11 47 7 2 1
11 48 5 2 2
11 49 6 2 1
11 50 19 2 2
11 51 17 1 0
11 52 11 1 0
11 53 6 1 0
11 54 7 0 0
11 55 3 1 0
11 56 11 1 0
11 57 15 1 0
11 58 13 2 2
11 59 18 2 1
11 60 13 2 2
11 61 3 3 1
11 62 16 3 2
11 63 2 3 1
11 64 19 3 2
11 65 0 3 1
11 66 18 4 2
11 67 15 4 1
11 68 19 4 2
11 69 2 5 0
11 70 5 5 0
11 71 5 5 0
11 72 2 5 0
11 73 3 5 0
11 74 17 5 0
11 75 6 5 0
11 76 15 5 0
11 77 16 5 0
11 78 3 5 0
11 79 14 5 0
11 80 0 4 1
11 81 13 3 2
11 82 1 3 1
11 83 6 3 1
11 84 0 3 2
11 85 2 3 1
11 86 19 3 2
11 87 5 2 1
11 88 7 2 2
11 89 11 2 1
11 90 2 1 0
11 91 10 1 0
11 92 9 1 0
11 93 6 1 0
11 94 17 1 0
11 95 10 1 0
11 96 14 1 0
11 97 7 1 0
11 98 15 2 2
11 99 16 2 1
11 100 9 3 2
11 101 17 3 1
11 102 0 3 2
11 103 7 3 1
11 104 11 3 1
11 105 1 3 2
11 106 13 0 0
11 107 18 0 0
11 108 5 0 0
11 109 1 0 0
11 110 8 0 0
11 111 3 0 0
11 112 19 0 0
11 113 8 0 0
11 114 12 0 0
11 115 9 0 0
11 116 3 0 0
11 117 13 0 0
11 118 18 0 0
11 119 18 0 0
11 120 17 0 0
11 121 3 0 0
11 122 9 0 0
11 123 15 0 0
11 124 7 4 1
11 125 14 3 2
11 126 7 3 1
11 127 0 3 2
11 128 7 3 1
11 129 9 3 2
11 130 6 3 1
11 131 2 2 1
11 132 9 2 2
11 133 3 2 1
11 134 10 2 1
11 135 7 1 0
11 136 13 1 0
11 137 7 1 0
11 138 11 2 1
11 139 10 2 2
11 140 15 3 1
11 141 10 3 2
11 142 0 3 1
11 143 0 3 2
11 144 16 4 1
11 145 1 4 2
11 146 15 4 1
11 147 16 5 0
11 148 6 5 0
11 149 0 0 0
11 150 7 0 0
11 151 7 0 0
11 152 15 0 0
11 153 18 0 0
11 154 16 0 0
11 155 13 0 0
11 156 15 0 0
11 157 15 0 0
11 158 5 0 0
11 159 2 0 0
11 160 9 0 0
11 161 18 0 0
11 162 3 0 0
11 163 6 0 0
11 164 19 0 0
11 165 11 0 0
11 166 3 0 0
11 167 16 0 0
11 168 0 5 0
11 169 2 5 0
11 170 3 4 2
11 171 19 4 1
11 172 13 4 2
11 173 3 3 1
11 174 19 3 2
11 175 1 3 1
11 176 10 3 2
11 177 0 2 1
11 178 7 1 0
11 179 10 1 0
11 180 5 1 0
11 181 16 1 0
11 182 2 1 0
11 183 14 1 0
11 184 3 1 0
11 185 7 2 2
11 186 19 2 1
11 187 10 2 2
11 188 6 3 1
11 189 10 3 2
11 190 7 3 1
11 191 19 3 2
11 192 3 4 1
11 193 18 4 2
11 194 7 4 1
11 195 1 5 0
11 196 0 5 0
11 197 2 5 0
11 198 16 0 0
11 199 16 0 0
11 200 3 0 0
11 201 7 0 0
11 202 18 0 0
11 203 11 0 0
11 204 10 0 0
11 205 0 0 0
11 206 3 0 0
11 207 7 0 0
11 208 0 0 0
11 209 15 0 0
11 210 11 0 0
11 211 3 5 0
11 212 7 5 0
11 213 17 4 2
11 214 12 4 1
11 215 13 3 2
11 216 16 3 1
11 217 0 3 2
11 218 6 3 1
11 219 8 3 2
11 220 16 2 1
11 221 5 2 2
11 222 15 1 0
11 223 12 1 0
11 224 10 1 0
11 225 11 1 0
11 226 7 2 2
11 227 18 2 1
11 228 2 2 2
11 229 11 3 1
11 230 13 3 2
11 231 19 3 1
11 232 19 3 2
11 233 5 3 1
11 234 18 4 2
11 235 0 4 1
11 236 16 5 0
11 237 3 5 0
11 238 0 5 0
11 239 12 5 0
11 240 16 5 0
11 241 16 5 0
11 242 5 5 0
11 243 7 5 0
11 244 11 5 0
11 245 7 5 0
11 246 5 5 0
11 247 0 5 0
11 248 1 5 0
11 249 7 5 0
11 250 15 0 0
11 251 3 0 0
11 252 7 0 0
11 253 15 0 0
11 254 15 0 0
11 255 15 0 0
11 256 13 0 0
11 257 16 0 0
11 258 6 0 0
11 265 11 0 0
11 266 9 0 0
11 267 2 0 0
11 268 18 0 0
11 269 0 0 0
11 270 2 0 0
11 271 11 0 0
11 272 19 0 0
11 273 9 0 0
11 274 2 0 0
11 275 2 0 0
11 276 2 0 0
11 277 7 5 0
11 278 2 5 0
11 279 12 5 0
11 280 17 4 2
11 281 1 4 1
11 282 9 3 2
11 283 10 3 1
11 284 3 3 2
11 285 8 3 1
11 286 7 3 2
11 287 0 2 1
11 288 9 2 2
11 289 15 1 0
11 290 10 1 0
11 291 7 1 0
11 292 3 1 0
11 293 11 1 0
11 294 17 2 2
11 295 3 2 1
11 296 10 2 2
11 297 12 3 1
11 298 18 3 2
11 299 19 3 1
11 300 7 3 2
11 301 12 3 1
11 302 18 4 2
11 303 5 4 1
11 304 2 5 0
11 305 9 5 0
11 306 3 5 0
11 307 17 0 0
11 308 3 0 0
11 309 2 0 0
11 310 2 0 0
11 311 10 0 0
11 312 7 0 0
11 313 16 5 0
11 314 6 5 0
11 315 17 5 0
11 316 17 4 2
11 317 16 4 1
11 318 19 3 2
11 319 7 3 1
11 320 19 3 2
11 321 1 3 1
11 322 14 3 2
11 323 12 2 1
11 324 18 2 2
11 325 11 1 0
11 326 17 1 0
11 327 16 1 0
11 328 14 1 0
11 329 9 1 0
11 330 12 2 2
11 331 15 2 1
11 332 16 2 2
11 333 10 3 1
11 334 10 3 2
11 335 6 3 1
11 336 19 3 2
11 337 7 3 1
11 338 18 4 2
11 339 3 4 1
11 340 2 5 0
11 341 19 5 0
11 342 11 5 0
11 343 15 0 0
11 344 5 0 0
11 345 5 0 0
11 346 16 0 0
11 347 7 0 0
11 348 3 0 0
11 349 1 0 0
11 350 2 5 0
11 351 2 5 0
11 352 5 5 0
11 353 18 4 2
11 354 11 4 1
11 355 9 3 2
11 356 16 3 1
11 357 10 3 2
11 358 0 3 1
11 359 5 3 2
11 360 5 2 1
11 361 17 2 2
11 362 5 2 1
11 363 0 1 0
11 364 7 1 0
11 365 3 1 0
11 366 15 1 0
11 367 9 1 0
11 368 17 1 0
11 369 15 1 0
11 370 1 1 0
11 371 14 1 0
11 372 0 2 1
11 373 9 3 2
11 374 1 3 1
11 375 9 3 2
11 376 13 3 1
11 377 0 3 2
11 378 16 3 1
11 379 18 4 2
11 380 0 4 1
11 381 11 5 0
11 382 17 5 0
11 383 3 5 0
11 384 6 0 0
11 385 11 0 0
11 386 17 0 0
11 387 7 0 0
11 388 18 0 0
11 389 9 0 0
11 390 11 0 0
11 391 3 0 0
11 392 7 0 0
11 393 3 0 0
11 394 2 0 0
11 395 9 0 0
11 396 15 0 0
11 397 1 0 0
11 398 18 0 0
11 399 0 0 0
11 400 0 0 0
11 401 0 0 0
11 402 16 0 0
11 403 2 0 0
11 404 15 0 0
11 405 7 0 0
11 406 9 0 0
11 407 15 0 0
11 408 16 0 0
11 409 2 0 0
11 410 15 0 0
11 411 1 0 0
11 412 7 0 0
11 413 3 0 0
11 414 15 5 0
11 415 3 5 0
11 416 6 5 0
11 417 17 4 2
11 418 16 4 1
11 419 13 3 2
11 420 7 3 1
11 421 0 3 2
11 422 5 3 1
11 423 12 3 2
11 424 6 3 1
11 425 9 3 2
11 426 17 3 1
11 427 17 1 0
9 1 0 1 0
9 2 6 1 0
9 3 9 1 0
9 4 18 1 0
9 5 2 1 0
9 6 11 1 0
9 7 3 1 0
9 8 7 1 0
9 9 2 2 2
9 10 11 2 1
9 11 19 2 2
9 12 3 2 1
9 13 10 3 2
9 14 18 3 1
9 15 7 3 2
9 16 11 3 1
9 17 0 3 2
9 18 19 3 1
9 19 7 3 2
9 20 10 4 1
9 21 8 4 2
9 22 18 4 1
9 23 13 4 2
9 24 15 5 0
9 25 11 5 0
9 26 7 0 0
9 27 2 0 0
9 28 7 5 0
9 29 6 0 0
9 30 2 0 0
9 31 15 5 0
9 32 18 5 0
9 33 7 5 0
9 34 7 5 0
9 35 2 5 0
9 36 7 5 0
9 37 3 5 0
9 38 12 5 0
9 39 16 5 0
9 40 18 4 1
9 41 0 3 2
9 42 1 3 1
9 43 10 3 2
9 44 7 3 1
9 45 13 3 2
9 46 11 3 1
9 47 7 2 2
9 48 6 2 1
9 49 16 2 2
9 50 5 1 0
9 51 9 1 0
9 52 2 1 0
9 53 15 1 0
9 54 3 1 0
9 55 10 2 2
9 56 16 2 1
9 57 7 2 2
9 58 18 3 1
9 59 7 3 2
9 60 5 3 1
9 61 17 3 2
9 62 6 3 1
9 63 18 3 2
9 64 2 4 1
9 65 13 4 2
9 66 5 4 1
9 67 7 5 0
9 68 2 5 0
9 69 2 5 0
9 70 15 5 0
9 71 6 5 0
9 72 7 0 0
9 73 0 0 0
9 74 3 0 0
9 75 0 5 0
9 76 5 5 0
9 77 16 5 0
9 78 7 5 0
9 79 2 5 0
9 80 11 4 1
9 81 16 4 2
9 82 1 4 1
9 83 10 3 1
9 84 0 3 2
9 85 13 3 1
9 86 0 3 2
9 87 7 3 1
9 88 10 3 2
9 89 11 2 1
9 90 18 2 2
9 91 0 1 0
9 92 3 1 0
9 93 19 1 0
9 94 7 2 2
9 95 15 3 1
9 96 13 3 2
9 97 3 3 1
9 98 18 3 2
9 99 7 3 1
9 100 1 4 1
9 101 2 0 0
9 102 18 0 0
9 103 7 0 0
9 104 19 0 0
9 105 19 0 0
9 106 18 0 0
9 107 3 0 0
9 108 0 0 0
9 109 10 0 0
9 110 7 0 0
9 111 18 0 0
9 112 16 0 0
9 113 3 0 0
9 114 12 0 0
9 115 10 0 0
9 116 14 0 0
9 117 6 0 0
9 118 13 5 0
9 119 7 0 0
9 120 7 5 0
9 121 3 5 0
9 122 16 5 0
9 123 0 5 0
9 124 18 5 0
9 125 15 5 0
9 126 3 5 0
9 127 3 5 0
9 128 13 5 0
9 129 13 5 0
9 130 19 5 0
9 131 7 5 0
9 132 1 5 0
9 133 19 5 0
9 134 7 5 0
9 135 7 5 0
9 136 19 4 1
9 137 0 3 2
9 138 16 3 1
9 139 18 3 2
9 140 1 3 1
9 141 2 2 2
9 142 15 1 0
9 143 2 1 0
9 144 13 1 0
9 145 13 1 0
9 146 7 1 0
9 147 10 1 0
9 148 19 1 0
9 149 3 1 0
9 150 7 1 0
9 151 10 2 2
9 152 2 2 1
9 153 13 3 2
9 154 0 3 1
9 155 19 3 2
9 156 5 3 1
9 157 18 4 2
9 158 10 4 1
9 159 7 5 0
9 160 11 5 0
9 161 2 5 0
9 162 6 0 0
9 163 1 0 0
9 164 3 0 0
9 165 16 0 0
9 166 0 0 0
9 167 1 0 0
9 168 1 5 0
9 169 15 5 0
9 170 2 5 0
9 171 7 5 0
9 172 3 5 0
9 173 7 4 1
9 174 19 4 2
9 175 7 3 1
9 176 7 3 2
9 177 15 3 1
9 178 9 3 2
9 179 15 3 1
9 180 18 2 2
9 181 6 2 1
9 182 18 1 0
9 183 6 1 0
9 184 7 1 0
9 185 13 2 2
9 186 7 2 1
9 187 9 3 2
9 188 19 3 1
9 189 7 3 2
9 190 0 3 1
9 191 18 3 2
9 192 7 4 1
9 193 0 4 2
9 194 0 5 0
9 195 3 5 0
9 196 1 0 0
9 197 16 0 0
9 198 2 0 0
9 199 10 0 0
9 200 5 0 0
9 201 6 0 0
9 202 0 0 0
9 203 5 0 0
9 204 14 0 0
9 205 10 0 0
9 206 7 0 0
9 207 2 0 0
9 208 7 0 0
9 209 11 0 0
9 210 11 5 0
9 211 0 5 0
9 212 6 5 0
9 213 5 4 1
9 214 17 4 2
9 215 0 3 1
9 216 16 3 2
9 217 7 3 1
9 218 10 3 2
9 219 11 3 1
9 220 18 2 2
9 221 3 2 1
9 222 0 1 0
9 223 2 1 0
9 224 2 1 0
9 225 9 2 2
9 226 18 2 1
9 227 10 3 2
9 228 0 3 1
9 229 0 3 2
9 230 2 3 1
9 231 18 3 2
9 232 7 4 1
9 233 6 4 2
9 234 16 5 0
9 235 1 5 0
9 236 2 5 0
9 237 0 5 0
9 238 16 5 0
9 239 14 5 0
9 240 9 0 0
9 241 16 0 0
9 242 2 0 0
9 243 11 0 0
9 244 13 0 0
9 245 16 0 0
9 246 2 0 0
9 247 16 0 0
9 248 15 0 0
9 249 7 0 0
9 250 13 0 0
9 251 0 0 0
9 252 2 0 0
9 253 11 5 0
9 254 16 5 0
9 255 5 4 2
9 256 3 4 1
9 257 19 4 2
9 258 10 3 1
9 259 10 3 2
9 260 19 3 1
9 261 0 3 2
9 262 5 3 1
9 263 18 2 2
9 264 5 2 1
9 265 13 1 0
9 266 3 1 0
9 267 13 1 0
9 268 7 1 0
9 269 10 2 2
9 270 1 2 1
9 271 14 3 2
9 272 15 3 1
9 273 9 3 2
9 274 0 3 1
9 275 18 3 2
9 276 16 4 1
9 277 11 4 2
9 278 15 5 0
9 279 11 5 0
9 280 0 5 0
9 281 11 0 0
9 282 3 0 0
9 283 19 0 0
9 284 6 0 0
9 285 7 0 0
9 286 9 0 0
9 287 7 0 0
9 288 3 0 0
9 289 19 0 0
9 290 3 5 0
9 291 10 5 0
9 292 19 5 0
9 293 2 4 2
9 294 18 4 1
9 295 13 4 2
9 296 6 3 1
9 297 19 3 2
9 298 7 3 1
9 299 0 3 2
9 300 16 3 1
9 301 18 3 2
9 302 18 2 1
9 303 13 1 0
9 304 2 1 0
9 305 11 1 0
9 306 2 1 0
9 307 12 2 2
9 308 15 3 1
9 309 16 3 2
9 310 18 3 1
9 311 19 3 2
9 312 3 3 1
9 313 18 4 2
9 314 9 4 1
9 315 9 4 2
9 316 2 5 0
9 317 5 5 0
9 318 9 5 0
9 319 3 0 0
9 320 15 0 0
9 321 3 0 0
9 322 2 0 0
9 323 11 0 0
9 324 10 0 0
9 325 7 0 0
9 326 19 0 0
9 327 7 0 0
9 328 15 5 0
9 329 3 5 0
9 330 3 5 0
9 331 16 4 1
9 332 19 4 2
9 333 0 4 1
9 334 19 3 2
9 335 7 3 1
9 336 9 3 2
9 337 19 3 1
9 338 18 3 2
9 339 5 3 1
9 340 13 3 2
7 1 6 1 0
7 2 19 2 2
7 3 11 2 1
7 4 10 2 2
7 5 15 2 1
7 6 7 2 2
7 7 3 2 1
7 8 0 3 2
7 9 1 3 1
7 10 12 3 2
7 11 7 3 1
7 12 19 3 2
7 13 12 3 1
7 14 18 4 2
7 15 2 4 1
7 16 7 5 0
7 17 3 5 0
7 18 3 4 2
7 19 17 4 2
7 20 2 4 1
7 21 13 3 2
7 22 15 3 1
7 23 15 3 2
7 24 1 3 1
7 25 15 3 2
7 26 1 3 1
7 27 19 3 2
7 28 10 2 1
7 29 13 2 2
7 30 16 2 1
7 31 12 2 2
7 32 15 2 1
7 33 7 1 0
7 34 16 1 0
7 35 16 1 0
7 36 3 1 0
7 37 15 1 0
7 38 7 1 0
7 39 10 1 0
7 40 6 1 0
7 41 13 2 2
7 42 7 2 1
7 43 0 3 2
7 44 15 3 1
7 45 13 3 2
7 46 11 3 1
7 47 0 0 0
7 48 8 0 0
7 49 6 0 0
7 50 15 0 0
7 51 19 0 0
7 52 7 0 0
7 53 0 0 0
7 54 6 0 0
7 55 16 0 0
7 56 7 0 0
7 57 6 0 0
7 58 3 0 0
7 59 7 3 2
7 60 16 3 1
7 61 19 3 2
7 62 13 3 1
7 63 10 2 2
7 64 15 2 1
7 65 7 2 2
7 66 0 1 0
7 67 13 1 0
7 68 7 2 2
7 69 11 2 1
7 70 9 3 2
7 71 6 3 1
7 72 12 3 2
7 73 7 3 1
7 74 3 3 1
7 75 0 0 0
7 76 10 0 0
7 77 7 0 0
7 78 0 0 0
7 79 15 0 0
7 80 6 0 0
7 81 0 0 0
7 82 10 0 0
7 83 13 0 0
7 84 7 0 0
7 85 3 0 0
7 86 10 0 0
7 87 18 0 0
7 88 6 0 0
7 89 19 0 0
7 90 7 0 0
7 91 18 0 0
7 92 16 0 0
7 93 3 0 0
7 94 10 0 0
7 95 3 0 0
7 96 3 5 0
7 97 1 5 0
7 98 7 5 0
7 99 7 0 0
7 100 2 0 0
7 101 3 0 0
7 102 9 0 0
7 103 14 5 0
7 104 18 5 0
7 105 10 5 0
7 106 16 5 0
7 107 7 0 0
7 108 3 0 0
7 109 6 5 0
7 110 1 5 0
7 111 10 5 0
7 112 16 5 0
7 113 0 5 0
7 114 6 5 0
7 115 3 5 0
7 116 2 5 0
7 117 14 0 0
7 118 19 3 1
7 119 10 3 2
7 120 10 3 1
7 121 18 3 2
7 122 16 3 1
7 123 18 2 2
7 124 15 2 1
7 125 0 1 0
7 126 7 1 0
7 127 0 1 0
7 128 13 2 2
7 129 15 2 1
7 130 19 3 2
7 131 0 3 1
7 132 0 3 2
7 133 15 3 1
7 134 12 3 2
7 135 15 4 1
7 136 3 5 0
7 137 7 5 0
7 138 11 5 0
7 139 19 5 0
7 140 7 5 0
7 141 6 5 0
7 142 16 5 0
7 143 15 5 0
7 144 6 5 0
7 145 3 5 0
7 146 3 5 0
7 147 0 5 0
7 148 5 5 0
7 149 6 4 1
7 150 12 4 2
7 151 0 3 1
7 152 19 3 2
7 153 0 3 1
7 154 0 3 2
7 155 0 3 1
7 156 18 2 2
7 157 16 2 1
7 158 13 1 0
7 159 7 1 0
7 160 2 1 0
7 161 18 2 2
7 162 16 2 1
7 163 19 3 2
7 164 7 3 1
7 165 10 3 2
7 166 7 3 1
7 167 18 3 2
7 168 6 4 1
7 169 11 4 2
7 170 9 5 0
7 171 3 5 0
7 172 15 5 0
7 173 14 0 0
7 174 3 0 0
7 175 16 0 0
7 176 0 0 0
7 177 10 0 0
7 178 12 0 0
7 179 0 0 0
7 180 3 5 0
7 181 12 5 0
7 182 6 4 2
7 183 5 4 1
7 184 10 4 2
7 185 6 3 1
7 186 10 3 2
7 187 0 3 1
7 188 0 3 2
7 189 9 2 1
7 190 0 2 2
7 191 11 2 1
7 192 13 1 0
7 193 7 1 0
7 194 0 1 0
7 195 16 2 2
7 196 2 2 1
7 197 19 2 2
7 198 11 3 1
7 199 0 3 2
7 200 18 3 1
7 201 18 3 2
7 202 0 4 1
7 203 3 4 2
7 204 7 5 0
7 205 6 5 0
7 206 10 5 0
7 207 3 0 0
7 208 1 0 0
7 209 3 0 0
7 210 13 0 0
7 211 0 5 0
7 212 1 0 0
7 213 0 0 0
7 214 19 5 0
7 215 13 5 0
7 216 3 0 0
7 217 10 0 0
7 218 16 0 0
7 219 14 0 0
7 220 19 0 0
7 221 0 0 0
7 222 0 0 0
7 223 0 0 0
7 224 0 0 0
7 225 16 0 0
7 226 0 0 0
7 227 19 0 0
7 228 3 5 0
7 229 8 5 0
7 230 11 4 2
7 231 0 4 1
7 232 18 3 2
7 233 7 3 1
7 234 10 3 2
7 235 15 3 1
7 236 19 3 2
7 237 3 2 1
7 238 15 2 2
7 239 16 1 0
7 240 13 1 0
7 241 7 1 0
7 242 0 1 0
7 243 16 1 0
7 244 16 2 1
7 245 19 2 2
7 246 7 3 1
7 247 7 3 2
7 248 18 3 1
7 249 19 3 2
7 250 5 3 1
7 251 19 4 2
7 252 10 4 1
7 253 3 5 0
7 254 9 5 0
7 255 3 0 0
7 256 16 0 0
7 257 9 0 0
7 258 3 5 0
7 259 3 5 0
7 260 19 5 0
7 261 16 4 2
7 262 18 4 1
7 263 18 3 2
7 264 7 3 1
7 265 10 3 2
7 266 7 3 1
7 267 0 2 2
7 268 15 2 1
7 269 18 2 2
7 270 3 1 0
7 271 10 1 0
7 272 7 1 0
7 273 7 1 0
7 274 7 1 0
7 275 0 2 2
7 276 15 2 1
7 277 9 2 2
7 278 19 3 1
7 279 7 3 2
7 280 7 3 1
7 281 9 3 2
7 282 0 3 1
7 283 3 4 2
7 284 2 4 1
7 285 3 5 0
7 286 10 5 0
7 287 14 5 0
7 288 2 5 0
7 289 15 5 0
7 290 3 5 0
7 291 12 5 0
7 292 19 4 1
7 293 0 3 2
7 294 3 3 1
7 295 10 3 2
7 296 7 3 1
7 297 19 2 2
7 298 11 2 1
7 299 13 2 2
7 300 11 2 1
7 301 13 2 2
18 116 10 5 0
18 117 16 5 0
18 118 18 4 2
18 119 7 4 1
18 120 13 3 2
18 121 2 3 1
18 122 7 3 2
18 123 2 3 1
18 124 19 3 2
18 125 16 2 1
18 126 7 2 2
18 127 3 1 0
18 128 3 1 0
18 129 16 1 0
18 130 7 1 0
18 131 11 1 0
18 132 9 2 2
18 133 7 2 1
18 134 7 2 2
18 135 10 3 1
18 136 9 3 2
18 137 7 3 1
18 138 0 3 2
18 139 2 4 1
18 140 19 4 2
18 141 15 4 1
18 142 9 5 0
18 143 7 5 0
19 115 2 1 0
19 116 7 1 0
19 117 16 1 0
19 118 7 1 0
19 119 10 2 2
19 120 1 2 1
19 121 19 3 2
19 122 9 3 1
19 123 0 3 2
19 124 5 3 1
19 125 16 3 2
19 126 5 4 1
19 127 5 4 2
19 128 3 5 0
19 129 7 5 0
19 130 7 5 0
19 131 16 0 0
19 132 17 0 0
19 133 6 0 0
19 134 5 0 0
19 135 7 0 0
19 136 7 0 0
19 137 19 0 0
19 138 6 0 0
19 139 7 0 0
19 140 11 0 0
19 141 12 0 0
19 142 1 5 0
19 143 7 5 0
19 144 15 4 2
19 145 16 4 1
19 146 5 4 2
19 147 16 3 1
19 148 19 3 2
19 149 7 3 1
19 150 9 3 2
19 151 0 3 1
19 152 0 2 2
19 153 11 2 1
19 154 16 2 2
19 155 7 1 0
19 156 6 1 0
19 157 2 1 0
19 158 16 2 2
19 159 16 2 1
19 160 0 3 2
19 161 0 3 1
19 162 0 3 2
19 163 16 3 1
19 164 10 3 2
19 165 7 4 1
19 166 12 4 2
19 167 7 4 1
19 168 1 5 0
19 169 15 5 0
19 170 16 0 0
19 171 17 0 0
19 172 15 0 0
19 173 6 0 0
19 174 2 0 0
19 175 15 0 0
19 176 0 0 0
19 177 2 0 0
19 178 0 0 0
19 179 11 0 0
19 180 16 0 0
19 181 3 5 0
19 182 15 5 0
19 183 9 4 2
19 184 15 4 1
19 185 10 4 2
19 186 13 3 1
19 187 0 3 2
19 188 7 3 1
19 189 9 3 2
19 190 1 3 1
19 191 8 2 2
19 192 3 2 1
19 193 0 2 2
19 194 7 1 0
19 195 3 1 0
19 196 9 1 0
19 197 7 2 2
19 198 18 2 1
19 199 10 3 2
19 200 11 3 1
19 201 7 3 2
19 202 10 3 1
19 203 13 3 2
19 204 15 4 1
19 205 18 4 2
19 206 7 4 1
19 207 1 5 0
19 208 18 5 0
19 209 11 0 0
19 210 2 0 0
19 211 15 0 0
19 212 9 0 0
19 213 15 0 0
19 214 1 0 0
19 215 15 0 0
19 216 16 0 0
19 217 7 0 0
19 218 0 0 0
19 219 3 0 0
19 220 6 0 0
19 221 8 0 0
19 222 0 0 0
19 223 6 0 0
19 224 7 0 0
19 225 15 0 0
19 226 19 0 0
19 227 2 0 0
19 228 7 0 0
19 229 16 5 0
19 230 10 5 0
19 231 12 4 2
19 232 5 4 1
19 233 10 4 2
19 234 7 3 1
19 235 0 3 2
19 236 10 3 1
19 237 7 3 2
19 238 7 3 1
19 239 19 2 2
19 240 2 1 0
19 241 19 1 0
19 242 14 1 0
19 246 16 1 0
19 247 7 1 0
19 248 3 2 1
19 249 10 2 2
19 250 16 3 1
19 251 19 3 2
19 252 6 3 1
19 253 7 3 2
19 254 7 3 1
19 255 10 4 2
19 256 1 4 1
19 257 18 4 2
19 258 3 5 0
19 259 10 5 0
19 260 10 5 0
19 261 11 0 0
19 262 5 0 0
19 263 3 0 0
19 264 0 0 0
19 265 13 0 0
19 266 0 0 0
19 267 6 0 0
19 268 11 0 0
19 269 7 0 0
19 270 15 0 0
19 271 0 0 0
19 272 10 0 0
19 273 7 0 0
19 274 17 0 0
19 275 15 0 0
19 276 7 0 0
19 277 2 0 0
19 278 15 0 0
19 279 10 0 0
19 280 16 0 0
19 281 6 0 0
19 282 7 5 0
19 283 16 5 0
19 284 10 5 0
19 285 19 4 1
19 286 7 4 2
19 287 10 4 1
19 288 0 3 2
19 289 7 3 1
19 290 10 3 2
19 291 11 3 1
19 292 10 3 2
19 293 15 2 1
19 294 5 2 2
19 295 14 2 1
19 296 10 1 0
19 297 15 1 0
19 298 3 1 0
19 299 11 1 0
19 300 0 2 2
19 301 19 2 1
19 302 10 3 2
19 303 13 3 1
19 304 0 3 2
19 305 16 3 1
19 306 0 3 2
19 307 7 3 1
19 308 19 4 2
19 309 6 4 1
19 310 1 5 0
19 311 3 5 0
19 312 10 5 0
19 313 2 5 0
19 314 7 0 0
19 315 1 0 0
19 316 3 0 0
19 317 18 0 0
19 318 16 0 0
19 319 19 0 0
19 320 16 0 0
19 321 7 0 0
19 339 14 0 0
19 340 8 5 0
19 341 16 5 0
19 342 1 5 0
19 343 10 4 2
19 344 19 4 1
19 345 0 4 2
19 346 7 3 1
19 347 10 3 2
19 348 7 3 1
19 349 0 3 2
19 350 3 3 1
19 351 19 2 2
19 352 6 2 1
19 353 13 2 2
19 354 7 1 0
19 355 2 1 0
19 356 7 1 0
19 357 17 2 2
19 358 2 2 1
19 359 7 3 2
19 360 10 3 1
19 361 0 3 2
19 362 1 3 1
19 363 18 3 2
19 364 15 4 1
19 365 18 4 2
19 366 0 4 1
19 367 7 5 0
19 368 15 5 0
19 369 11 0 0
19 370 5 0 0
19 371 18 5 0
19 372 7 5 0
19 373 2 5 0
19 374 8 4 2
19 375 15 4 1
19 376 7 4 2
19 377 1 3 1
19 378 19 3 2
19 379 7 3 1
19 380 19 3 2
19 381 7 3 1
19 382 18 2 2
19 383 1 2 1
19 384 13 1 0
24 1 0 5 0
24 2 7 5 0
24 3 13 5 0
24 4 5 5 0
24 5 10 5 0
24 6 2 5 0
24 7 6 0 0
24 8 13 0 0
24 9 15 0 0
24 10 15 0 0
24 11 15 0 0
24 12 7 0 0
24 13 10 0 0
24 14 7 0 0
24 15 1 0 0
24 16 0 0 0
24 17 18 0 0
24 18 15 0 0
24 19 7 0 0
24 20 6 0 0
24 21 7 0 0
24 22 0 0 0
24 23 9 1 0
24 24 0 1 0
24 25 3 1 0
24 26 3 1 0
24 27 0 0 0
24 28 7 0 0
24 29 2 0 0
24 30 19 0 0
24 31 15 0 0
24 32 1 0 0
24 33 2 0 0
24 34 14 0 0
24 35 0 1 0
24 36 10 1 0
24 37 9 1 0
24 38 16 1 0
24 39 12 1 0
24 40 13 1 0
24 41 3 1 0
24 42 1 1 0
24 43 14 1 0
24 44 16 2 1
24 45 13 2 2
24 46 15 3 1
24 47 0 3 2
24 48 7 3 1
24 49 0 3 2
24 50 19 4 1
24 51 18 4 2
24 52 9 4 1
24 53 3 5 0
24 54 14 5 0
24 55 3 5 0
24 56 19 0 0
24 57 2 0 0
24 58 9 0 0
24 59 15 0 0
24 60 7 0 0
24 61 16 0 0
24 62 15 0 0
24 63 14 0 0
24 64 15 0 0
24 65 7 0 0
24 66 1 0 0
24 67 15 0 0
24 68 10 0 0
24 69 11 0 0
24 70 0 0 0
24 71 3 0 0
24 72 2 0 0
24 73 9 0 0
24 74 0 0 0
24 75 14 0 0
24 76 16 5 0
24 77 0 5 0
24 78 17 4 2
24 79 19 4 1
24 80 14 4 2
24 81 2 3 1
24 82 12 3 2
24 83 8 3 1
24 84 13 3 2
24 85 19 2 1
24 86 0 2 2
24 87 14 2 1
24 88 9 1 0
24 89 2 1 0
24 90 3 1 0
24 91 5 1 0
24 92 13 2 2
24 93 7 2 1
24 94 17 2 2
24 95 7 3 1
24 96 0 3 2
24 97 15 3 1
24 98 9 3 2
24 99 16 3 1
24 100 15 5 0
24 101 2 5 0
24 102 18 5 0
24 103 7 5 0
24 104 10 5 0
24 105 0 0 0
24 106 16 0 0
24 107 6 0 0
24 108 13 0 0
24 109 2 0 0
24 110 3 0 0
24 111 16 0 0
24 112 18 0 0
24 113 0 0 0
24 114 7 0 0
24 115 7 0 0
24 116 15 0 0
24 117 19 0 0
24 118 7 0 0
24 119 7 0 0
24 120 16 0 0
24 121 16 0 0
24 122 3 0 0
24 123 10 5 0
24 124 6 5 0
24 125 16 5 0
24 126 12 4 2
24 127 2 4 1
24 128 10 3 2
24 129 2 3 1
24 130 10 3 2
24 131 15 3 1
24 132 7 3 2
24 133 0 2 1
24 134 18 2 2
24 135 1 1 0
24 136 10 1 0
24 137 2 1 0
24 138 2 1 0
24 139 0 1 0
24 140 17 2 2
24 141 15 2 1
24 142 13 2 2
24 143 7 3 1
24 144 10 3 2
24 145 7 3 1
24 146 13 3 2
24 147 2 4 1
24 148 0 4 2
24 149 19 4 1
24 150 18 5 0
24 151 0 5 0
24 152 1 5 0
24 153 0 0 0
24 154 11 0 0
24 155 9 0 0
24 156 6 0 0
24 157 1 0 0
24 158 13 0 0
24 159 0 0 0
24 160 7 0 0
24 161 3 0 0
24 162 10 0 0
24 163 7 0 0
24 164 5 0 0
24 165 10 0 0
24 166 19 0 0
24 167 0 0 0
24 168 7 0 0
24 169 5 0 0
24 170 9 0 0
24 171 12 0 0
24 172 5 0 0
24 173 15 0 0
24 174 14 0 0
24 175 0 0 0
24 176 7 0 0
24 177 5 0 0
24 178 16 0 0
24 179 5 0 0
24 180 5 0 0
24 181 7 0 0
24 182 5 0 0
24 183 0 0 0
24 184 10 0 0
24 185 0 0 0
24 186 0 0 0
24 187 16 0 0
24 188 0 0 0
24 189 2 0 0
24 190 7 0 0
24 191 9 0 0
24 192 3 0 0
24 193 15 0 0
24 194 2 0 0
24 195 16 0 0
24 196 11 0 0
24 197 9 0 0
24 198 0 0 0
24 199 8 0 0
24 200 10 0 0
24 201 2 0 0
24 202 7 0 0
24 203 2 0 0
24 204 5 5 0
24 205 17 5 0
24 206 7 5 0
24 207 13 4 2
24 208 7 4 1
24 209 17 3 2
24 210 2 3 1
24 211 0 3 2
24 212 7 3 1
24 213 9 3 2
24 214 10 2 1
24 215 18 2 2
24 216 6 2 1
24 217 10 1 0
24 218 3 1 0
24 219 11 1 0
24 220 2 1 0
24 221 2 2 2
24 222 1 2 1
24 223 18 2 2
24 224 0 3 1
24 225 10 3 2
24 226 16 3 1
24 227 18 3 2
24 228 1 3 1
24 229 15 5 0
24 230 6 5 0
24 231 19 5 0
24 232 11 5 0
24 233 9 5 0
24 234 3 0 0
24 235 13 0 0
24 236 11 0 0
24 237 7 0 0
24 238 2 0 0
24 239 18 0 0
24 240 15 0 0
24 241 15 0 0
24 242 3 0 0
24 243 10 0 0
24 244 2 0 0
24 245 1 0 0
24 246 0 0 0
24 247 13 0 0
24 248 2 0 0
24 249 2 0 0
24 250 18 0 0
24 251 7 0 0
24 252 10 0 0
24 253 14 0 0
24 254 9 0 0
24 255 14 0 0
24 256 16 0 0
24 257 0 0 0
24 258 16 0 0
24 259 7 0 0
24 260 7 0 0
24 261 0 0 0
24 262 16 0 0
24 263 5 0 0
24 264 15 0 0
24 265 7 0 0
24 266 18 0 0
24 267 10 0 0
24 268 16 0 0
24 269 10 0 0
24 270 2 5 0
24 271 10 5 0
24 272 14 5 0
24 273 6 5 0
24 274 12 4 1
24 275 17 3 2
24 276 6 3 1
24 277 19 3 2
24 278 15 3 1
24 279 7 3 2
24 280 18 2 1
24 281 2 2 2
24 282 1 1 0
24 283 19 1 0
24 284 3 1 0
24 285 14 1 0
24 286 5 1 0
24 287 17 2 2
24 288 0 2 1
24 289 9 2 2
24 290 8 3 1
24 291 18 3 2
24 292 15 3 1
24 293 10 3 2
24 294 0 3 1
24 295 18 4 2
24 296 16 4 1
24 297 15 5 0
24 298 17 5 0
24 299 15 5 0
24 300 5 5 0
24 301 13 0 0
24 302 5 0 0
24 303 5 0 0
24 304 10 0 0
24 305 11 0 0
24 306 0 0 0
24 307 16 0 0
24 308 15 0 0
24 309 16 0 0
24 310 15 0 0
24 311 7 0 0
24 312 3 0 0
24 313 16 0 0
24 314 10 0 0
24 315 13 0 0
24 316 5 0 0
24 317 11 0 0
24 318 8 0 0
24 319 6 0 0
24 320 7 0 0
24 321 13 0 0
24 322 11 5 0
24 323 3 5 0
24 324 0 5 0
24 325 18 4 2
24 326 1 4 1
24 327 9 3 2
24 328 0 3 1
24 329 10 3 2
24 330 7 3 1
24 331 16 3 2
24 332 16 2 1
24 333 18 2 2
24 334 18 1 0
24 335 18 1 0
24 336 3 1 0
24 337 3 1 0
24 338 2 1 0
24 339 17 2 2
24 340 16 2 1
24 341 13 2 2
24 342 1 3 1
24 343 16 3 2
24 344 7 3 1
24 345 9 3 2
24 346 0 3 1
24 347 13 4 2
24 348 3 4 1
24 349 3 5 0
24 350 15 5 0
24 351 14 5 0
24 352 19 0 0
24 353 14 0 0
24 354 0 0 0
24 355 5 0 0
24 356 2 0 0
24 357 1 0 0
24 358 15 0 0
24 359 9 0 0
24 360 15 0 0
24 361 9 0 0
24 362 14 0 0
24 363 3 0 0
24 364 5 5 0
24 365 3 5 0
24 366 1 5 0
24 367 13 4 2
24 368 17 4 1
24 369 10 3 2
24 370 15 3 1
24 371 0 3 2
24 372 7 3 1
24 373 16 3 2
24 374 16 2 1
24 375 18 2 2
24 376 0 2 1
24 377 13 1 0
24 378 2 1 0
24 379 11 1 0
24 380 3 1 0
24 381 0 2 2
24 382 15 2 1
24 383 19 3 2
24 384 3 3 1
24 385 19 3 2
24 386 7 3 1
24 387 19 3 2
24 388 15 3 1
24 389 18 4 2
24 390 12 4 1
24 391 8 5 0
24 392 7 5 0
24 393 5 5 0
24 394 15 0 0
24 395 19 0 0
24 396 11 0 0
24 397 9 0 0
24 398 2 0 0
24 399 6 0 0
24 400 7 0 0
24 401 14 0 0
24 402 18 0 0
24 403 5 0 0
24 404 13 0 0
24 405 6 0 0
24 406 15 0 0
24 407 6 0 0
24 408 7 5 0
24 409 11 5 0
24 410 0 5 0
24 411 17 4 2
24 412 10 4 1
24 413 13 3 2
24 414 7 3 1
24 415 16 3 2
24 416 2 3 1
24 417 13 3 2
24 418 2 2 1
24 419 18 2 2
24 420 0 2 1
24 421 13 1 0
24 422 8 1 0
24 423 8 1 0
24 424 8 1 0
24 425 8 0 0
24 426 8 0 0
24 427 8 0 0
23 7 16 1 0
23 8 16 1 0
23 9 13 1 0
23 10 1 1 0
23 11 6 1 0
23 12 2 1 0
23 13 9 1 0
23 14 0 1 0
23 15 5 1 0
23 16 16 1 0
23 17 17 1 0
23 18 5 1 0
23 19 5 1 0
23 20 14 1 0
23 21 6 1 0
23 22 8 1 0
23 23 18 2 2
23 24 3 2 1
23 25 10 3 2
23 26 18 3 1
23 27 9 3 2
23 28 14 3 1
23 29 0 3 2
23 30 9 3 2
23 31 16 4 1
23 32 17 4 2
23 33 8 4 1
23 34 0 5 0
23 35 1 5 0
23 36 13 5 0
23 37 0 5 0
23 48 6 5 0
23 49 1 5 0
23 50 14 5 0
23 51 17 5 0
23 52 7 0 0
23 53 7 3 2
23 54 7 3 1
23 55 13 3 2
23 56 7 2 1
23 57 10 2 2
23 58 15 2 1
23 59 1 1 0
23 60 17 1 0
23 61 3 1 0
23 62 6 0 0
23 63 11 0 0
23 64 7 1 0
23 65 2 1 0
23 66 17 2 1
23 67 8 2 2
23 68 7 2 1
23 69 10 2 2
23 70 18 3 1
23 71 0 3 2
23 72 12 3 1
23 73 0 3 2
23 74 13 4 1
23 75 11 4 2
23 76 3 5 0
23 77 15 5 0
23 78 17 5 0
23 79 2 5 0
23 80 11 5 0
23 81 17 4 2
23 82 6 4 1
23 83 14 3 2
23 84 9 3 1
23 85 0 3 2
23 86 7 3 1
23 87 18 3 2
23 88 7 3 1
23 89 17 2 2
23 90 6 2 1
23 91 15 2 2
23 92 16 1 0
23 93 17 1 0
23 94 1 1 0
23 95 14 1 0
23 96 10 1 0
23 97 0 0 0
23 98 3 1 0
23 99 6 1 0
23 100 2 1 0
23 101 13 1 0
23 102 8 1 0
23 103 10 2 2
23 104 7 2 1
23 105 10 2 2
23 106 7 2 1
23 107 13 3 2
23 108 16 3 1
23 109 0 3 2
23 110 7 3 1
23 111 19 3 2
23 112 16 3 1
23 113 0 5 0
23 114 1 5 0
23 115 3 5 0
23 116 2 5 0
23 117 17 5 0
23 118 2 5 0
23 119 18 5 0
23 120 9 5 0
23 121 14 0 0
23 122 10 4 1
23 123 14 3 2
23 124 19 3 1
23 125 10 3 2
23 126 10 3 1
23 127 14 3 2
23 128 10 3 1
23 129 0 3 2
23 130 15 3 1
23 131 19 2 2
23 132 7 2 1
23 133 18 2 2
23 134 7 1 0
23 135 14 1 0
23 136 19 2 2
23 137 16 2 1
23 138 13 3 2
23 139 5 3 1
23 140 12 3 2
23 141 16 3 1
23 142 18 3 2
23 143 9 4 1
23 144 14 5 0
23 145 7 5 0
23 146 16 5 0
23 147 18 5 0
23 148 2 5 0
23 149 2 5 0
23 150 7 5 0
23 151 2 5 0
23 152 19 4 1
23 153 18 3 2
23 154 13 3 1
23 155 0 3 2
23 156 17 3 1
23 157 12 3 2
23 158 1 3 1
23 159 13 2 2
23 160 5 2 1
23 161 13 2 2
23 162 10 1 0
23 163 6 1 0
22 9 10 1 0
22 10 15 1 0
22 11 3 1 0
22 12 17 1 0
22 13 17 2 2
22 14 8 2 1
22 15 5 2 2
22 16 15 2 1
22 17 19 3 2
22 18 2 3 1
22 19 19 3 2
22 20 19 3 1
22 21 7 4 2
22 22 15 4 1
22 23 18 4 2
22 24 8 5 0
22 25 16 5 0
22 26 1 5 0
22 27 13 5 0
22 28 7 5 0
22 29 14 0 0
22 30 5 0 0
22 31 9 5 0
22 32 1 5 0
22 33 2 5 0
22 34 3 5 0
22 35 16 4 2
22 36 18 4 1
22 37 10 3 2
22 38 6 3 1
22 39 18 3 2
22 40 6 3 1
22 41 0 2 2
22 42 13 2 1
22 43 0 2 2
22 44 11 1 0
22 45 11 1 0
22 46 3 1 0
22 47 17 1 0
22 48 13 2 2
22 49 3 2 1
22 50 13 2 2
22 51 18 3 1
22 52 7 3 2
22 53 18 3 1
22 54 0 3 2
22 55 3 3 1
22 56 0 4 2
22 57 14 4 2
22 58 19 5 0
22 75 14 5 0
22 76 10 5 0
22 77 13 4 1
22 78 12 3 2
22 79 6 3 1
22 80 9 3 2
22 81 6 3 1
22 82 14 3 2
22 83 1 2 1
22 84 13 2 2
22 85 15 2 1
22 86 9 1 0
22 87 3 1 0
22 88 11 1 0
22 89 10 1 0
22 90 16 1 0
22 91 2 1 0
22 92 16 1 0
22 93 3 1 0
22 94 10 1 0
22 95 15 1 0
22 96 13 1 0
22 97 7 1 0
22 98 14 1 0
22 99 13 1 0
22 100 11 1 0
22 101 6 1 0
22 102 17 2 2
22 103 18 2 1
22 104 13 2 2
22 105 0 3 1
22 106 2 3 2
22 107 2 3 1
22 108 18 3 2
22 109 9 3 1
22 110 18 4 2
22 111 3 4 1
22 112 12 5 0
22 113 7 5 0
22 114 1 5 0
22 115 2 5 0
22 116 11 5 0
22 117 3 0 0
22 118 7 5 0
22 119 1 5 0
22 120 5 4 1
22 121 15 4 2
22 122 16 4 1
22 123 17 3 2
22 124 18 3 1
22 125 12 3 2
22 126 7 3 1
22 127 10 3 2
22 128 7 3 1
22 129 16 2 2
22 130 3 2 1
22 131 9 2 2
22 132 3 1 0
22 133 16 1 0
22 134 7 1 0
22 135 10 1 0
22 136 14 1 0
22 137 12 1 0
22 138 15 2 1
22 139 10 2 2
22 140 15 2 1
22 141 12 3 2
22 142 2 3 1
22 143 19 3 2
22 144 18 3 1
22 145 0 3 2
22 146 11 4 1
22 147 18 4 2
22 148 5 4 1
22 149 17 4 2
22 150 5 5 0
22 151 2 5 0
22 152 18 5 0
22 153 7 0 0
22 154 0 0 0
22 155 0 0 0
22 156 2 5 0
22 157 6 5 0
22 158 2 5 0
22 159 6 5 0
22 160 17 4 2
22 161 3 4 1
22 162 7 4 1
22 163 18 4 2
22 164 1 3 1
22 165 13 3 2
22 166 11 3 1
22 167 9 3 2
22 168 11 3 1
22 169 18 2 2
22 170 13 2 1
22 171 19 2 2
22 172 14 2 1
22 173 9 2 2
22 174 16 1 0
22 175 3 1 0
22 176 10 1 0
22 177 17 1 0
22 178 7 1 0
22 179 7 1 0
22 180 5 1 0
22 181 10 2 2
22 182 15 2 1
22 183 18 2 2
22 184 9 3 1
22 185 7 3 2
22 186 13 3 1
22 187 16 3 2
22 188 2 3 1
22 189 13 3 2
22 190 3 4 1
22 191 17 4 2
22 192 7 5 0
22 193 15 5 0
22 194 3 5 0
22 195 10 5 0
22 196 7 0 0
22 197 3 0 0
22 198 3 0 0
22 199 15 0 0
22 200 7 0 0
22 201 2 0 0
22 202 0 0 0
22 203 9 0 0
22 204 2 0 0
22 205 7 0 0
22 206 9 0 0
22 207 11 0 0
22 208 16 0 0
22 209 1 0 0
22 210 16 5 0
22 211 2 5 0
22 212 2 5 0
22 213 15 4 1
22 214 9 4 2
22 215 0 4 1
22 216 15 3 2
22 217 15 3 1
22 218 8 3 2
22 219 9 3 1
22 220 10 3 2
22 221 0 2 1
22 222 10 2 2
22 223 2 2 1
22 224 18 1 0
22 225 3 1 0
22 226 8 1 0
22 227 17 2 2
22 228 8 2 1
22 229 18 3 2
22 230 15 3 1
22 231 19 3 2
22 232 19 3 1
22 233 0 3 2
22 234 1 3 1
22 235 18 4 2
22 236 17 4 1
22 237 8 4 2
22 238 3 5 0
22 239 7 5 0
22 240 7 5 0
22 241 5 5 0
22 242 17 5 0
22 243 2 5 0
22 244 3 5 0
22 245 3 0 0
22 246 0 0 0
22 247 6 0 0
22 248 10 0 0
22 249 2 0 0
22 250 13 0 0
22 251 7 0 0
22 252 2 0 0
22 253 7 0 0
22 254 2 0 0
22 255 13 0 0
22 256 2 0 0
22 257 19 0 0
22 258 1 5 0
22 259 15 5 0
22 260 16 5 0
22 261 7 4 1
22 262 17 4 2
22 263 7 4 1
22 264 7 4 2
22 265 18 3 1
22 266 10 3 2
22 267 19 3 1
22 268 19 3 2
22 269 7 3 1
22 270 18 2 2
22 271 2 2 1
22 272 13 2 2
22 273 8 1 0
22 274 8 1 0
22 275 8 0 0
21 187 13 1 0
21 188 0 1 0
21 189 0 2 2
21 190 15 2 1
21 191 16 2 2
21 192 16 3 1
21 193 10 3 2
21 194 15 3 1
21 195 0 3 2
21 196 7 3 1
21 197 1 5 0
21 198 17 5 0
21 199 3 5 0
21 200 1 4 1
21 201 18 3 2
21 202 1 3 1
21 203 0 3 2
21 204 6 3 1
21 205 19 3 2
21 206 3 2 1
21 207 19 2 2
21 208 7 2 1
21 209 7 1 0
21 210 14 1 0
21 211 10 1 0
21 212 15 1 0
21 213 0 0 0
21 214 15 0 0
21 215 7 1 0
21 216 2 1 0
21 217 19 1 0
21 218 1 1 0
21 219 7 2 2
21 220 1 2 1
21 221 0 3 2
21 222 19 3 1
21 223 0 3 2
21 224 0 3 1
21 225 18 3 2
21 226 6 4 1
21 227 3 4 2
21 228 1 4 1
21 229 3 5 0
21 230 18 5 0
21 231 13 5 0
21 232 18 0 0
21 233 3 0 0
21 234 19 0 0
21 235 0 5 0
21 236 3 5 0
21 237 5 5 0
21 238 7 4 2
21 239 16 4 1
21 240 1 4 2
21 241 10 3 1
21 242 10 3 2
21 243 18 3 1
21 244 7 3 2
21 245 19 3 1
21 246 16 2 2
21 247 6 2 1
21 248 13 2 2
21 249 3 1 0
21 250 10 1 0
21 251 15 1 0
21 252 14 1 0
21 253 3 1 0
21 254 16 1 0
21 255 10 2 1
21 256 10 2 2
21 257 16 2 1
21 258 19 3 2
21 259 7 3 1
21 260 0 3 2
21 261 5 3 1
21 262 18 3 2
21 263 5 4 1
21 264 8 4 2
21 265 9 4 1
21 266 3 5 0
21 267 15 5 0
21 268 9 0 0
21 269 16 0 0
21 270 2 0 0
21 271 12 0 0
21 272 0 0 0
21 273 7 0 0
21 274 19 0 0
21 275 14 0 0
21 276 12 0 0
21 277 0 0 0
21 278 11 0 0
21 279 3 0 0
21 280 7 0 0
21 281 15 0 0
21 282 2 0 0
21 283 10 0 0
21 284 7 0 0
21 285 10 0 0
21 286 15 0 0
21 287 1 0 0
21 288 3 0 0
21 289 16 0 0
21 290 18 0 0
21 291 10 0 0
21 292 3 0 0
21 293 19 0 0
21 294 3 0 0
21 295 17 0 0
21 296 3 0 0
21 297 1 0 0
21 298 13 0 0
21 299 11 5 0
21 300 17 5 0
21 301 3 4 2
21 302 16 4 1
21 303 18 4 2
21 304 1 3 1
21 305 0 3 2
21 306 13 3 1
21 307 7 3 2
21 308 15 3 1
21 309 10 2 2
21 310 6 2 1
21 311 5 2 2
21 312 5 1 0
21 313 10 1 0
21 314 7 1 0
21 315 7 1 0
21 316 7 1 0
21 317 17 1 0
21 318 11 2 1
21 319 7 2 2
21 320 11 2 1
21 321 19 3 2
21 322 15 3 1
21 323 0 3 2
21 324 6 3 1
21 325 18 4 2
21 326 5 4 1
21 327 6 4 2
21 328 0 5 0
21 329 3 5 0
21 330 15 5 0
21 331 1 0 0
21 332 10 0 0
21 333 1 0 0
21 334 18 0 0
21 335 0 0 0
21 336 7 0 0
21 337 15 0 0
21 338 13 0 0
21 339 7 0 0
21 340 0 0 0
21 341 9 0 0
21 342 3 0 0
21 343 14 0 0
21 344 5 0 0
21 345 16 0 0
21 346 7 0 0
21 347 3 0 0
21 348 7 0 0
21 349 7 0 0
21 350 5 0 0
21 351 10 0 0
21 352 12 0 0
21 353 7 0 0
21 354 0 0 0
21 355 0 0 0
21 356 18 0 0
21 357 11 0 0
21 358 13 0 0
21 359 11 5 0
21 360 15 5 0
21 361 9 5 0
21 362 5 4 1
21 363 1 4 2
21 364 15 4 1
21 365 10 3 2
21 366 3 3 1
21 367 0 3 2
21 368 2 3 1
21 369 10 2 2
21 370 2 2 1
21 371 7 2 2
21 372 14 1 0
21 373 19 1 0
21 374 1 1 0
21 375 10 1 0
21 376 13 1 0
21 377 7 1 0
21 378 10 1 0
21 379 16 1 0
21 380 8 2 2
21 381 6 2 1
21 382 10 2 2
21 383 10 3 1
21 384 7 3 2
21 385 7 3 1
21 386 19 3 2
21 387 16 3 1
21 388 18 4 2
21 389 0 4 1
21 390 5 4 2
21 391 7 5 0
21 392 6 5 0
21 393 16 5 0
21 394 1 0 0
21 395 5 0 0
21 396 3 0 0
21 397 16 0 0
21 398 0 0 0
21 399 1 0 0
21 400 13 0 0
21 401 10 0 0
21 402 2 0 0
21 403 10 0 0
21 404 14 0 0
21 405 2 0 0
21 406 16 0 0
21 407 14 0 0
21 408 19 0 0
21 409 2 0 0
21 410 19 0 0
21 411 18 0 0
21 412 1 0 0
21 413 17 0 0
21 414 3 0 0
21 415 14 0 0
21 416 8 0 0
21 417 7 0 0
21 418 19 0 0
21 419 14 0 0
21 420 1 0 0
21 421 14 0 0
21 422 5 0 0
21 423 9 0 0
21 424 7 0 0
21 425 5 0 0
21 426 18 0 0
21 427 16 0 0
21 428 15 0 0
21 429 14 0 0
21 430 7 0 0
21 431 16 0 0
21 432 16 0 0
21 433 16 5 0
21 434 16 5 0
21 435 16 5 0
21 436 5 4 1
21 437 11 4 2
21 438 7 4 1
21 439 10 3 2
21 440 18 3 1
21 441 0 3 2
21 442 10 3 1
21 443 7 3 2
21 444 1 2 1
21 445 9 2 2
21 446 11 2 1
21 447 10 2 2
21 448 0 1 0
21 449 6 1 0
21 450 14 1 0
21 451 10 2 2
21 452 16 2 1
21 453 10 3 2
21 454 19 3 1
21 455 19 3 2
21 456 7 3 1
21 457 7 3 2
21 458 1 3 1
21 459 6 4 2
21 460 15 4 1
21 461 17 4 2
21 462 17 5 0
21 463 3 5 0
21 464 5 0 0
21 465 3 0 0
21 466 16 0 0
21 467 14 0 0
21 468 0 0 0
21 469 16 0 0
21 470 1 0 0
21 471 13 0 0
21 472 11 0 0
21 473 14 0 0
21 474 7 5 0
21 475 1 5 0
21 476 5 5 0
21 477 13 4 2
21 478 16 4 1
21 479 14 4 2
21 480 18 3 1
21 481 7 3 2
21 482 7 3 1
21 483 10 3 2
21 484 9 3 1
21 485 17 2 2
21 486 3 2 1
21 487 13 2 2
21 488 0 1 0
21 489 1 1 0
21 490 3 1 0
21 491 17 2 2
21 492 15 2 1
21 493 17 3 2
21 494 18 3 1
21 495 19 3 2
21 496 15 3 1
21 497 18 3 2
21 498 0 4 1
21 499 6 4 2
21 500 19 4 1
21 501 18 5 0
21 502 5 5 0
21 503 14 5 0
21 514 14 0 0
21 515 10 0 0
21 516 15 0 0
21 517 14 0 0
21 518 19 5 0
21 519 6 5 0
21 520 7 5 0
21 521 11 4 2
21 522 16 4 1
21 523 18 4 2
21 524 6 3 1
21 525 16 3 2
21 526 7 3 1
21 527 9 3 2
21 528 11 3 1
21 529 7 2 2
21 530 6 2 1
21 531 10 2 2
21 532 0 1 0
21 533 3 1 0
21 534 7 1 0
21 535 1 1 0
21 536 10 2 2
21 537 2 2 1
21 538 10 3 2
21 539 15 3 1
21 540 10 3 2
21 541 0 3 1
21 542 0 3 2
21 543 13 4 1
21 544 1 4 2
21 545 9 5 0
21 546 3 5 0
21 547 10 5 0
21 548 6 0 0
21 549 2 0 0
21 550 2 0 0
21 551 14 0 0
21 552 5 0 0
21 553 6 0 0
21 554 3 0 0
21 555 14 0 0
21 556 3 0 0
21 557 8 0 0
21 558 14 0 0
21 559 7 0 0
21 560 14 0 0
21 561 14 0 0
21 562 2 0 0
21 563 2 0 0
21 564 14 0 0
21 565 13 0 0
21 566 18 0 0
21 567 9 0 0
21 568 15 0 0
21 569 7 0 0
21 570 7 0 0
21 571 11 0 0
21 572 19 0 0
21 573 1 5 0
21 574 15 5 0
21 575 5 5 0
21 576 7 4 1
21 577 13 4 2
21 578 6 3 1
21 579 10 3 2
21 580 6 3 1
21 581 7 3 2
21 582 16 3 1
21 583 7 2 2
21 584 18 2 1
21 585 10 2 2
21 586 16 1 0
21 587 14 1 0
21 588 18 1 0
21 589 17 2 2
21 590 15 2 1
21 591 10 3 2
21 592 15 3 1
21 593 0 3 2
21 594 7 3 1
21 595 18 3 2
21 596 16 4 1
21 597 18 4 2
21 598 16 5 0
21 599 15 5 0
21 600 16 5 0
21 601 6 0 0
21 602 18 0 0
21 603 10 0 0
21 604 11 0 0
21 605 3 0 0
21 606 15 0 0
21 607 5 0 0
21 608 2 0 0
21 609 3 0 0
21 610 15 0 0
21 611 7 0 0
21 612 16 0 0
21 613 1 0 0
21 614 18 0 0
21 615 15 0 0
21 616 16 0 0
21 617 13 0 0
21 618 16 5 0
21 619 14 5 0
21 620 1 5 0
21 621 8 4 2
21 622 10 4 1
21 623 10 4 2
21 624 1 3 1
21 625 10 3 2
21 626 17 3 1
21 627 15 3 2
21 628 2 3 1
21 629 18 2 2
21 630 3 2 1
21 631 10 1 0
21 632 14 1 0
21 633 17 1 0
21 634 5 1 0
21 635 3 1 0
21 636 1 1 0
21 637 1 1 0
21 638 17 2 2
21 639 15 2 1
21 640 19 3 2
21 641 7 3 1
21 642 7 3 2
21 643 7 3 1
21 644 10 3 2
21 645 5 4 1
21 646 0 4 2
21 647 5 4 1
21 648 15 5 0
21 649 3 5 0
21 650 18 0 0
21 651 15 0 0
21 652 19 0 0
21 653 3 0 0
21 654 18 0 0
21 655 1 0 0
21 656 7 0 0
21 657 19 0 0
21 658 15 0 0
21 659 12 0 0
21 660 1 0 0
21 661 5 0 0
21 662 7 0 0
21 663 7 5 0
21 664 18 5 0
21 665 0 4 2
21 666 10 4 1
21 667 19 4 2
21 668 2 3 1
21 669 12 3 2
21 670 1 3 1
21 671 10 3 2
21 672 7 2 1
21 673 18 2 2
21 674 11 2 1
21 675 9 1 0
21 676 3 1 0
21 677 6 1 0
21 678 8 1 0
21 679 17 2 2
21 680 16 2 1
21 681 0 2 2
21 682 0 3 1
21 683 19 3 2
21 684 2 3 1
21 685 19 3 2
21 686 2 4 1
21 687 2 5 0
21 688 10 5 0
21 689 13 5 0
21 690 3 5 0
21 691 1 5 0
21 692 16 5 0
21 693 18 5 0
21 694 18 0 0
21 695 5 5 0
21 696 15 0 0
21 697 10 0 0
21 698 15 0 0
21 699 2 0 0
21 700 14 0 0
21 701 2 0 0
21 702 17 0 0
21 703 2 0 0
21 704 2 0 0
21 705 1 0 0
21 706 18 0 0
21 707 7 5 0
21 708 6 5 0
21 709 14 5 0
21 710 1 5 0
21 711 15 4 1
21 712 13 3 2
21 713 2 3 1
21 714 19 3 2
21 715 15 3 1
21 716 10 3 2
21 717 1 2 1
21 718 7 2 2
21 719 0 2 1
21 720 13 1 0
20 2 6 1 0
20 3 0 1 0
20 4 7 1 0
20 5 6 1 0
20 6 13 2 2
20 7 13 2 1
20 8 12 2 2
20 9 1 3 1
20 10 0 3 2
20 11 7 3 1
20 12 15 3 2
20 13 0 3 1
20 14 16 4 2
20 15 19 4 1
20 16 1 4 2
20 17 14 5 0
20 18 16 5 0
20 19 6 5 0
20 20 7 0 0
20 29 7 0 0
20 30 7 0 0
20 31 13 0 0
20 32 15 0 0
20 33 19 0 0
20 34 16 5 0
20 35 2 5 0
20 36 2 4 1
20 37 16 4 2
20 38 5 4 1
20 39 10 3 2
20 40 7 3 1
20 41 10 3 2
20 42 16 3 1
20 43 13 3 2
20 44 16 2 1
20 45 18 2 2
20 46 12 2 1
20 47 0 2 2
20 48 16 1 0
20 49 3 1 0
20 50 2 1 0
20 51 9 2 2
20 52 7 2 1
20 53 19 3 2
20 54 6 3 1
20 55 10 3 2
20 56 10 3 1
20 57 0 3 2
20 58 0 3 1
20 59 16 4 2
20 60 14 4 2
20 61 13 4 1
20 62 1 5 0
20 63 8 5 0
20 64 11 0 0
20 65 9 0 0
20 66 7 0 0
20 67 16 0 0
20 68 1 0 0
20 69 0 0 0
20 70 16 0 0
20 71 7 0 0
20 72 3 0 0
20 73 9 0 0
20 74 0 0 0
20 75 16 0 0
20 76 19 0 0
20 77 8 5 0
20 78 8 5 0
20 79 10 4 2
20 80 14 4 1
20 81 14 3 2
20 82 16 3 1
20 83 10 3 2
20 84 12 3 1
20 85 0 3 2
20 86 5 3 1
20 87 17 2 2
20 88 18 2 1
20 89 13 1 0
20 90 7 1 0
20 91 3 1 0
20 92 0 1 0
20 93 15 0 0
20 94 15 1 0
20 95 11 1 0
20 96 13 1 0
20 97 1 2 1
20 98 14 2 2
20 99 18 2 1
20 100 19 3 2
20 101 7 3 1
20 102 0 3 2
20 103 7 3 1
20 104 9 3 2
20 105 2 4 1
20 106 18 4 2
20 107 16 4 1
20 108 16 5 0
20 109 13 5 0
20 110 13 5 0
20 111 3 0 0
20 112 2 0 0
20 113 7 0 0
20 114 13 0 0
20 115 2 0 0
20 116 3 0 0
20 117 8 0 0
20 118 7 0 0
20 119 11 0 0
20 120 6 0 0
20 121 0 0 0
20 122 7 0 0
20 123 10 0 0
20 124 15 0 0
20 125 3 0 0
20 126 10 0 0
20 127 15 0 0
20 128 10 0 0
20 129 11 0 0
20 130 3 5 0
20 131 15 5 0
20 132 17 4 2
20 133 7 4 1
20 134 0 4 2
20 135 0 3 1
20 136 7 3 2
20 137 5 3 1
20 138 19 3 2
20 139 7 3 1
20 140 19 2 2
20 141 3 2 1
20 142 18 2 2
20 143 10 1 0
20 144 9 1 0
20 145 2 1 0
20 146 1 1 0
20 147 3 1 0
20 148 17 2 2
20 149 10 2 1
20 150 19 2 2
20 151 2 3 1
20 152 12 3 2
20 153 15 3 1
20 154 19 3 2
20 155 17 3 1
20 156 18 4 2
20 157 12 4 1
20 158 3 5 0
20 159 9 5 0
20 160 3 5 0
20 161 16 5 0
20 162 16 0 0
20 163 0 0 0
20 164 2 0 0
20 165 18 0 0
20 166 11 0 0
20 167 10 0 0
20 168 7 0 0
20 169 7 0 0
20 170 0 0 0
20 171 5 0 0
20 172 5 0 0
20 173 8 0 0
20 174 3 0 0
20 175 15 0 0
20 176 19 0 0
20 177 1 5 0
20 178 10 5 0
20 179 3 5 0
20 180 14 5 0
20 181 17 4 2
20 182 19 4 1
20 183 13 3 2
20 184 12 3 1
20 185 13 3 2
20 186 15 3 1
20 187 0 3 2
20 188 7 2 1
20 189 18 2 2
20 190 1 2 1
20 191 13 1 0
20 192 8 1 0
